MIN=0	0	0	0	0	0
MAX=50	10	10	10	70	1
SCALE=50	5	5	5	10	0.5
DEC=1	2	2	2	2	0
DEF="Time" t / s	"Voltage" U_A1 / V	"Voltage" U_B1 / V	"Anode" U_A / V	"Acceleration voltage" U_B / V	"Relay" R_1
0	-0.04	0	-0.04	0	0
0.099	-0.035	0.1	-0.035	0.1	0
0.199	-0.035	0.3	-0.035	0.3	0
0.299	-0.03	0.45	-0.03	0.45	0
0.399	-0.035	0.65	-0.035	0.65	0
0.499	-0.03	0.8	-0.03	0.8	0
0.599	-0.035	1	-0.035	1	0
0.7	-0.03	1.2	-0.03	1.2	0
0.799	-0.035	1.35	-0.035	1.35	0
0.899	-0.035	1.5	-0.035	1.5	0
0.999	-0.035	1.75	-0.035	1.75	0
1.099	-0.04	1.9	-0.04	1.9	0
1.199	-0.035	2.05	-0.035	2.05	0
1.3	-0.035	2.25	-0.035	2.25	0
1.399	-0.035	2.45	-0.035	2.45	0
1.499	-0.04	2.6	-0.04	2.6	0
1.6	-0.035	2.8	-0.035	2.8	0
1.699	-0.035	3	-0.035	3	0
1.8	-0.035	3.15	-0.035	3.15	0
1.899	-0.035	3.35	-0.035	3.35	0
1.999	-0.035	3.5	-0.035	3.5	0
2.099	-0.04	3.7	-0.04	3.7	0
2.2	-0.035	3.85	-0.035	3.85	0
2.299	-0.035	4.05	-0.035	4.05	0
2.399	-0.035	4.25	-0.035	4.25	0
2.499	-0.035	4.45	-0.035	4.45	0
2.599	-0.035	4.6	-0.035	4.6	0
2.7	-0.035	4.8	-0.035	4.8	0
2.799	-0.035	4.95	-0.035	4.95	0
2.899	-0.03	5.15	-0.03	5.15	0
3	-0.03	5.35	-0.03	5.35	0
3.099	-0.03	5.5	-0.03	5.5	0
3.2	-0.025	5.7	-0.025	5.7	0
3.3	-0.02	5.85	-0.02	5.85	0
3.4	-0.01	6.05	-0.01	6.05	0
3.5	-0.01	6.25	-0.01	6.25	0
3.6	0	6.4	0	6.4	0
3.7	0	6.55	0	6.55	0
3.8	0.005	6.8	0.005	6.8	0
3.9	0.01	6.95	0.01	6.95	0
4	0.015	7.15	0.015	7.15	0
4.1	0.015	7.3	0.015	7.3	0
4.2	0.02	7.5	0.02	7.5	0
4.3	0.015	7.65	0.015	7.65	0
4.4	0.02	7.85	0.02	7.85	0
4.5	0.015	8.05	0.015	8.05	0
4.6	0.02	8.25	0.02	8.25	0
4.7	0.015	8.4	0.015	8.4	0
4.8	0.02	8.6	0.02	8.6	0
4.9	0.015	8.8	0.015	8.8	0
5	0.02	8.95	0.02	8.95	0
5.1	0.01	9.15	0.01	9.15	0
5.2	0.015	9.3	0.015	9.3	0
5.3	0.015	9.5	0.015	9.5	0
5.4	0.025	9.7	0.025	9.7	0
5.5	0.02	9.85	0.02	9.85	0
5.6	0.03	10.05	0.03	10.05	0
5.7	0.035	10.2	0.035	10.2	0
5.8	0.05	10.4	0.05	10.4	0
5.9	0.055	10.6	0.055	10.6	0
6	0.075	10.75	0.075	10.75	0
6.1	0.095	10.95	0.095	10.95	0
6.2	0.12	11.1	0.12	11.1	0
6.3	0.14	11.35	0.14	11.35	0
6.4	0.16	11.5	0.16	11.5	0
6.5	0.165	11.65	0.165	11.65	0
6.6	0.17	11.85	0.17	11.85	0
6.699	0.165	12	0.165	12	0
6.8	0.16	12.2	0.16	12.2	0
6.9	0.145	12.45	0.145	12.45	0
7	0.135	12.55	0.135	12.55	0
7.1	0.115	12.75	0.115	12.75	0
7.2	0.105	12.95	0.105	12.95	0
7.3	0.09	13.15	0.09	13.15	0
7.4	0.075	13.3	0.075	13.3	0
7.5	0.065	13.45	0.065	13.45	0
7.6	0.055	13.7	0.055	13.7	0
7.7	0.055	13.85	0.055	13.85	0
7.8	0.06	14.05	0.06	14.05	0
7.9	0.065	14.2	0.065	14.2	0
8	0.08	14.4	0.08	14.4	0
8.1	0.095	14.6	0.095	14.6	0
8.199	0.12	14.75	0.12	14.75	0
8.299	0.15	14.95	0.15	14.95	0
8.399	0.19	15.15	0.19	15.15	0
8.5	0.23	15.3	0.23	15.3	0
8.599	0.285	15.5	0.285	15.5	0
8.699	0.34	15.7	0.34	15.7	0
8.799	0.405	15.85	0.405	15.85	0
8.899	0.455	16.05	0.455	16.05	0
8.999	0.505	16.25	0.505	16.25	0
9.099	0.52	16.4	0.52	16.4	0
9.199	0.505	16.55	0.505	16.55	0
9.299	0.475	16.75	0.475	16.75	0
9.399	0.42	16.95	0.42	16.95	0
9.499	0.38	17.1	0.38	17.1	0
9.599	0.32	17.3	0.32	17.3	0
9.699	0.27	17.5	0.27	17.5	0
9.799	0.22	17.65	0.22	17.65	0
9.899	0.18	17.85	0.18	17.85	0
9.999	0.14	18.05	0.14	18.05	0
10.099	0.12	18.25	0.12	18.25	0
10.199	0.1	18.4	0.1	18.4	0
10.299	0.1	18.6	0.1	18.6	0
10.399	0.105	18.75	0.105	18.75	0
10.499	0.125	18.95	0.125	18.95	0
10.599	0.15	19.1	0.15	19.1	0
10.699	0.195	19.3	0.195	19.3	0
10.799	0.245	19.5	0.245	19.5	0
10.899	0.31	19.65	0.31	19.65	0
10.999	0.395	19.85	0.395	19.85	0
11.099	0.48	20.05	0.48	20.05	0
11.199	0.58	20.2	0.58	20.2	0
11.299	0.675	20.4	0.675	20.4	0
11.399	0.815	20.6	0.815	20.6	0
11.499	0.91	20.75	0.91	20.75	0
11.599	1.02	20.95	1.02	20.95	0
11.699	1.065	21.1	1.065	21.1	0
11.799	1.05	21.3	1.05	21.3	0
11.899	0.98	21.5	0.98	21.5	0
11.999	0.855	21.7	0.855	21.7	0
12.099	0.735	21.85	0.735	21.85	0
12.199	0.6	22.05	0.6	22.05	0
12.299	0.5	22.2	0.5	22.2	0
12.399	0.39	22.4	0.39	22.4	0
12.499	0.315	22.6	0.315	22.6	0
12.599	0.24	22.75	0.24	22.75	0
12.699	0.195	22.9	0.195	22.9	0
12.799	0.165	23.1	0.165	23.1	0
12.899	0.15	23.3	0.15	23.3	0
12.999	0.17	23.5	0.17	23.5	0
13.099	0.19	23.65	0.19	23.65	0
13.199	0.25	23.85	0.25	23.85	0
13.299	0.31	24.05	0.31	24.05	0
13.399	0.405	24.2	0.405	24.2	0
13.499	0.505	24.4	0.505	24.4	0
13.599	0.63	24.55	0.63	24.55	0
13.699	0.765	24.75	0.765	24.75	0
13.799	0.925	24.95	0.925	24.95	0
13.899	1.095	25.15	1.095	25.15	0
13.999	1.29	25.3	1.29	25.3	0
14.099	1.485	25.5	1.485	25.5	0
14.199	1.66	25.65	1.66	25.65	0
14.299	1.78	25.85	1.78	25.85	0
14.399	1.8	26.05	1.8	26.05	0
14.499	1.71	26.2	1.71	26.2	0
14.599	1.535	26.4	1.535	26.4	0
14.699	1.33	26.6	1.33	26.6	0
14.799	1.11	26.75	1.11	26.75	0
14.899	0.9	26.95	0.9	26.95	0
14.999	0.71	27.1	0.71	27.1	0
15.099	0.545	27.3	0.545	27.3	0
15.199	0.42	27.45	0.42	27.45	0
15.299	0.335	27.65	0.335	27.65	0
15.399	0.265	27.85	0.265	27.85	0
15.499	0.24	28	0.24	28	0
15.599	0.24	28.2	0.24	28.2	0
15.699	0.27	28.4	0.27	28.4	0
15.799	0.335	28.55	0.335	28.55	0
15.899	0.42	28.7	0.42	28.7	0
15.999	0.55	28.9	0.55	28.9	0
16.099	0.675	29.1	0.675	29.1	0
16.199	0.865	29.3	0.865	29.3	0
16.299	1.045	29.45	1.045	29.45	0
16.399	1.28	29.65	1.28	29.65	0
16.499	1.485	29.8	1.485	29.8	0
16.599	1.79	30	1.79	30	0
16.699	2.025	30.2	2.025	30.2	0
16.799	2.325	30.35	2.325	30.35	0
16.899	2.52	30.5	2.52	30.5	0
16.999	2.68	30.75	2.68	30.75	0
17.099	2.68	30.9	2.68	30.9	0
17.199	2.53	31.1	2.53	31.1	0
17.299	2.28	31.25	2.28	31.25	0
17.399	1.975	31.45	1.975	31.45	0
17.499	1.66	31.65	1.66	31.65	0
17.599	1.345	31.8	1.345	31.8	0
17.699	1.065	32	1.065	32	0
17.8	0.84	32.15	0.84	32.15	0
17.899	0.645	32.35	0.645	32.35	0
17.999	0.5	32.55	0.5	32.55	0
18.099	0.41	32.75	0.41	32.75	0
18.199	0.37	32.9	0.37	32.9	0
18.299	0.375	33.05	0.375	33.05	0
18.399	0.425	33.25	0.425	33.25	0
18.499	0.52	33.5	0.52	33.5	0
18.599	0.65	33.6	0.65	33.6	0
18.699	0.83	33.8	0.83	33.8	0
18.799	1.04	34	1.04	34	0
18.899	1.285	34.2	1.285	34.2	0
18.999	1.575	34.35	1.575	34.35	0
19.099	1.89	34.55	1.89	34.55	0
19.199	2.23	34.75	2.23	34.75	0
19.299	2.555	34.9	2.555	34.9	0
19.399	2.99	35.1	2.99	35.1	0
19.499	3.3	35.25	3.3	35.25	0
19.599	3.61	35.45	3.61	35.45	0
19.699	3.75	35.6	3.75	35.6	0
19.799	3.73	35.8	3.73	35.8	0
19.899	3.565	36	3.565	36	0
19.999	3.21	36.2	3.21	36.2	0
20.099	2.885	36.35	2.885	36.35	0
20.199	2.415	36.55	2.415	36.55	0
20.299	2.055	36.7	2.055	36.7	0
20.399	1.615	36.9	1.615	36.9	0
20.499	1.295	37.1	1.295	37.1	0
20.599	1.005	37.25	1.005	37.25	0
20.699	0.82	37.45	0.82	37.45	0
20.799	0.66	37.65	0.66	37.65	0
20.899	0.645	37.65	0.645	37.65	0
20.999	0.645	37.65	0.645	37.65	0
