MIN=0	0	0	0	0	0
MAX=50	10	10	10	70	1
SCALE=50	5	5	5	10	0.5
DEC=1	2	2	2	2	0
DEF="Time" t / s	"Voltage" U_A1 / V	"Voltage" U_B1 / V	"Anode" U_A / V	"Acceleration voltage" U_B / V	"Relay" R_1
0	-0.015	0.05	-0.015	0.05	0
0.1	-0.01	0.05	-0.01	0.05	0
0.199	-0.015	0	-0.015	0	0
0.299	-0.02	0	-0.02	0	0
0.399	-0.02	0.05	-0.02	0.05	0
0.499	-0.02	0	-0.02	0	0
0.599	-0.015	0.1	-0.015	0.1	0
0.699	-0.02	0.3	-0.02	0.3	0
0.799	-0.015	0	-0.015	0	0
0.899	-0.02	0.05	-0.02	0.05	0
0.999	-0.015	0	-0.015	0	0
1.099	-0.025	0.05	-0.025	0.05	0
1.199	-0.015	0	-0.015	0	0
1.299	-0.025	0	-0.025	0	0
1.399	-0.015	0	-0.015	0	0
1.499	-0.025	0	-0.025	0	0
1.599	-0.015	0	-0.015	0	0
1.699	-0.025	0	-0.025	0	0
1.799	-0.015	0.05	-0.015	0.05	0
1.899	-0.02	0.1	-0.02	0.1	0
1.999	-0.01	0.25	-0.01	0.25	0
2.099	-0.025	0.45	-0.025	0.45	0
2.199	-0.015	0.6	-0.015	0.6	0
2.299	-0.025	0.8	-0.025	0.8	0
2.399	-0.015	1	-0.015	1	0
2.499	-0.02	1.15	-0.02	1.15	0
2.599	-0.01	1.35	-0.01	1.35	0
2.699	-0.02	1.55	-0.02	1.55	0
2.8	-0.015	1.7	-0.015	1.7	0
2.899	-0.015	1.85	-0.015	1.85	0
2.999	-0.01	2.1	-0.01	2.1	0
3.099	-0.015	2.25	-0.015	2.25	0
3.199	-0.01	2.45	-0.01	2.45	0
3.299	-0.015	2.65	-0.015	2.65	0
3.399	-0.01	2.8	-0.01	2.8	0
3.499	-0.015	2.95	-0.015	2.95	0
3.599	-0.01	3.15	-0.01	3.15	0
3.699	-0.015	3.35	-0.015	3.35	0
3.799	-0.01	3.5	-0.01	3.5	0
3.899	-0.015	3.7	-0.015	3.7	0
3.999	-0.015	3.9	-0.015	3.9	0
4.099	-0.015	4.05	-0.015	4.05	0
4.199	-0.015	4.25	-0.015	4.25	0
4.299	-0.01	4.45	-0.01	4.45	0
4.399	-0.01	4.6	-0.01	4.6	0
4.499	0	4.8	0	4.8	0
4.599	0	4.95	0	4.95	0
4.699	0.005	5.15	0.005	5.15	0
4.799	0.005	5.3	0.005	5.3	0
4.899	0.02	5.5	0.02	5.5	0
4.999	0.02	5.7	0.02	5.7	0
5.099	0.04	5.85	0.04	5.85	0
5.199	0.05	6.05	0.05	6.05	0
5.299	0.07	6.2	0.07	6.2	0
5.399	0.08	6.4	0.08	6.4	0
5.499	0.095	6.6	0.095	6.6	0
5.599	0.09	6.75	0.09	6.75	0
5.699	0.105	6.95	0.105	6.95	0
5.799	0.095	7.15	0.095	7.15	0
5.899	0.1	7.3	0.1	7.3	0
5.999	0.085	7.5	0.085	7.5	0
6.099	0.085	7.7	0.085	7.7	0
6.199	0.07	7.9	0.07	7.9	0
6.299	0.07	8.05	0.07	8.05	0
6.399	0.05	8.25	0.05	8.25	0
6.499	0.055	8.4	0.055	8.4	0
6.6	0.04	8.6	0.04	8.6	0
6.7	0.05	8.75	0.05	8.75	0
6.799	0.045	8.95	0.045	8.95	0
6.899	0.055	9.15	0.055	9.15	0
6.999	0.06	9.35	0.06	9.35	0
7.099	0.08	9.5	0.08	9.5	0
7.199	0.095	9.7	0.095	9.7	0
7.299	0.12	9.85	0.12	9.85	0
7.399	0.145	10	0.145	10	0
7.499	0.185	10.2	0.185	10.2	0
7.599	0.22	10.4	0.22	10.4	0
7.699	0.275	10.55	0.275	10.55	0
7.799	0.325	10.75	0.325	10.75	0
7.899	0.395	10.95	0.395	10.95	0
7.999	0.45	11.1	0.45	11.1	0
8.099	0.5	11.3	0.5	11.3	0
8.199	0.515	11.45	0.515	11.45	0
8.299	0.49	11.7	0.49	11.7	0
8.399	0.44	11.85	0.44	11.85	0
8.499	0.385	12.05	0.385	12.05	0
8.599	0.34	12.2	0.34	12.2	0
8.699	0.285	12.4	0.285	12.4	0
8.799	0.24	12.55	0.24	12.55	0
8.899	0.195	12.75	0.195	12.75	0
8.999	0.165	12.95	0.165	12.95	0
9.099	0.13	13.1	0.13	13.1	0
9.199	0.12	13.3	0.12	13.3	0
9.299	0.105	13.5	0.105	13.5	0
9.399	0.115	13.65	0.115	13.65	0
9.499	0.125	13.8	0.125	13.8	0
9.599	0.165	14.05	0.165	14.05	0
9.699	0.195	14.2	0.195	14.2	0
9.799	0.255	14.4	0.255	14.4	0
9.899	0.315	14.6	0.315	14.6	0
9.999	0.41	14.75	0.41	14.75	0
10.099	0.485	14.95	0.485	14.95	0
10.199	0.615	15.1	0.615	15.1	0
10.299	0.72	15.3	0.72	15.3	0
10.4	0.88	15.5	0.88	15.5	0
10.499	1	15.65	1	15.65	0
10.6	1.185	15.85	1.185	15.85	0
10.7	1.295	16.05	1.295	16.05	0
10.8	1.385	16.2	1.385	16.2	0
10.9	1.345	16.35	1.345	16.35	0
11	1.2	16.55	1.2	16.55	0
11.1	1.035	16.75	1.035	16.75	0
11.2	0.85	16.95	0.85	16.95	0
11.3	0.685	17.1	0.685	17.1	0
11.4	0.565	17.25	0.565	17.25	0
11.5	0.435	17.5	0.435	17.5	0
11.6	0.345	17.65	0.345	17.65	0
11.7	0.26	17.85	0.26	17.85	0
11.8	0.22	18	0.22	18	0
11.9	0.195	18.2	0.195	18.2	0
12	0.205	18.35	0.205	18.35	0
12.1	0.23	18.6	0.23	18.6	0
12.2	0.29	18.75	0.29	18.75	0
12.3	0.36	18.9	0.36	18.9	0
12.4	0.47	19.1	0.47	19.1	0
12.5	0.59	19.3	0.59	19.3	0
12.6	0.75	19.45	0.75	19.45	0
12.7	0.935	19.65	0.935	19.65	0
12.8	1.125	19.8	1.125	19.8	0
12.9	1.34	20.05	1.34	20.05	0
13	1.6	20.2	1.6	20.2	0
13.1	1.865	20.4	1.865	20.4	0
13.2	2.16	20.55	2.16	20.55	0
13.3	2.435	20.75	2.435	20.75	0
13.4	2.65	20.9	2.65	20.9	0
13.5	2.72	21.1	2.72	21.1	0
13.6	2.57	21.3	2.57	21.3	0
13.7	2.28	21.45	2.28	21.45	0
13.8	1.92	21.65	1.92	21.65	0
13.9	1.635	21.85	1.635	21.85	0
14	1.275	22	1.275	22	0
14.1	0.995	22.2	0.995	22.2	0
14.2	0.745	22.4	0.745	22.4	0
14.3	0.595	22.55	0.595	22.55	0
14.4	0.44	22.75	0.44	22.75	0
14.5	0.37	22.9	0.37	22.9	0
14.6	0.335	23.1	0.335	23.1	0
14.7	0.355	23.3	0.355	23.3	0
14.8	0.415	23.45	0.415	23.45	0
14.9	0.51	23.65	0.51	23.65	0
15	0.665	23.85	0.665	23.85	0
15.1	0.86	24	0.86	24	0
15.2	1.075	24.2	1.075	24.2	0
15.3	1.315	24.4	1.315	24.4	0
15.4	1.595	24.55	1.595	24.55	0
15.5	1.98	24.75	1.98	24.75	0
15.599	2.32	24.9	2.32	24.9	0
15.699	2.73	25.15	2.73	25.15	0
15.799	3.175	25.25	3.175	25.25	0
15.899	3.655	25.45	3.655	25.45	0
15.999	4.06	25.65	4.06	25.65	0
16.099	4.38	25.8	4.38	25.8	0
16.199	4.445	26	4.445	26	0
16.299	4.26	26.2	4.26	26.2	0
16.399	3.85	26.35	3.85	26.35	0
16.499	3.345	26.55	3.345	26.55	0
16.599	2.885	26.7	2.885	26.7	0
16.699	2.35	26.95	2.35	26.95	0
16.799	1.855	27.1	1.855	27.1	0
16.899	1.42	27.3	1.42	27.3	0
16.999	1.12	27.45	1.12	27.45	0
17.099	0.865	27.65	0.865	27.65	0
17.199	0.7	27.8	0.7	27.8	0
17.299	0.625	28	0.625	28	0
17.399	0.635	28.2	0.635	28.2	0
17.499	0.685	28.35	0.685	28.35	0
17.599	0.845	28.55	0.845	28.55	0
17.699	1.015	28.7	1.015	28.7	0
17.799	1.31	28.9	1.31	28.9	0
17.899	1.61	29.1	1.61	29.1	0
17.999	2.01	29.25	2.01	29.25	0
18.099	2.375	29.45	2.375	29.45	0
18.199	2.94	29.6	2.94	29.6	0
18.299	3.435	29.8	3.435	29.8	0
18.399	4.08	30	4.08	30	0
18.499	4.62	30.15	4.62	30.15	0
18.599	5.36	30.35	5.36	30.35	0
18.699	5.885	30.55	5.885	30.55	0
18.799	6.375	30.7	6.375	30.7	0
18.899	6.525	30.9	6.525	30.9	0
18.999	6.405	31.1	6.405	31.1	0
19.099	6.075	31.25	6.075	31.25	0
19.199	5.51	31.45	5.51	31.45	0
19.299	4.88	31.6	4.88	31.6	0
19.399	4.22	31.8	4.22	31.8	0
19.5	3.465	32	3.465	32	0
19.599	2.84	32.15	2.84	32.15	0
19.699	2.225	32.35	2.225	32.35	0
19.799	1.83	32.5	1.83	32.5	0
19.903	1.45	32.7	1.45	32.7	0
19.999	1.28	32.85	1.28	32.85	0
20.1	1.17	33.1	1.17	33.1	0
20.199	1.2	33.25	1.2	33.25	0
20.299	1.32	33.45	1.32	33.45	0
20.399	1.555	33.6	1.555	33.6	0
20.499	1.86	33.8	1.86	33.8	0
20.599	2.28	33.95	2.28	33.95	0
20.699	2.83	34.15	2.83	34.15	0
20.799	3.375	34.35	3.375	34.35	0
20.899	4.03	34.55	4.03	34.55	0
20.999	4.79	34.7	4.79	34.7	0
21.099	5.61	34.9	5.61	34.9	0
21.199	6.49	35.05	6.49	35.05	0
21.299	7.38	35.25	7.38	35.25	0
21.399	8.2	35.4	8.2	35.4	0
21.499	8.805	35.6	8.805	35.6	0
21.599	9.245	35.8	9.245	35.8	0
21.7	9.305	36	9.305	36	0
21.799	9.105	36.15	9.105	36.15	0
21.899	8.72	36.35	8.72	36.35	0
21.999	7.955	36.5	7.955	36.5	0
22.099	7.135	36.7	7.135	36.7	0
22.199	6.185	36.85	6.185	36.85	0
22.299	5.425	37.05	5.425	37.05	0
22.399	4.45	37.25	4.45	37.25	0
22.499	3.75	37.45	3.75	37.45	0
22.599	3.095	37.6	3.095	37.6	0
22.699	2.975	37.65	2.975	37.65	0
22.799	2.97	37.65	2.97	37.65	0
22.899	2.98	37.65	2.98	37.65	0
22.999	2.975	37.65	2.975	37.65	0
23.099	2.985	37.65	2.985	37.65	0
23.199	2.975	37.65	2.975	37.65	0
23.299	2.99	37.65	2.99	37.65	0
23.399	2.975	37.65	2.975	37.65	0
23.499	2.98	37.7	2.98	37.7	0
23.599	2.97	37.65	2.97	37.65	0
23.699	2.985	37.65	2.985	37.65	0
23.799	2.97	37.65	2.97	37.65	0
23.899	2.99	37.65	2.99	37.65	0
23.999	2.98	37.65	2.98	37.65	0
24.099	2.99	37.65	2.99	37.65	0
24.199	2.985	37.65	2.985	37.65	0
24.299	2.99	37.65	2.99	37.65	0
24.399	2.985	37.65	2.985	37.65	0
24.499	2.99	37.65	2.99	37.65	0
24.599	2.99	37.65	2.99	37.65	0
24.699	2.995	37.65	2.995	37.65	0
24.799	2.995	37.65	2.995	37.65	0
24.899	3	37.65	3	37.65	0
24.999	2.99	37.65	2.99	37.65	0
25.099	2.995	37.65	2.995	37.65	0
25.199	2.985	37.65	2.985	37.65	0
25.299	2.99	37.65	2.99	37.65	0
25.399	2.99	37.65	2.99	37.65	0
25.499	2.995	37.65	2.995	37.65	0
25.599	2.995	37.65	2.995	37.65	0
25.699	2.99	37.65	2.99	37.65	0
25.799	3	37.65	3	37.65	0
25.899	2.99	37.65	2.99	37.65	0
25.999	2.995	37.65	2.995	37.65	0
26.099	2.99	37.65	2.99	37.65	0
26.199	3	37.65	3	37.65	0
26.299	2.995	37.65	2.995	37.65	0
26.399	3	37.65	3	37.65	0
26.499	2.99	37.65	2.99	37.65	0
26.599	2.995	37.65	2.995	37.65	0
26.699	2.99	37.65	2.99	37.65	0
26.799	2.99	37.7	2.99	37.7	0
26.899	2.985	37.7	2.985	37.7	0
26.999	3	37.65	3	37.65	0
27.099	2.99	37.65	2.99	37.65	0
27.199	3.01	37.65	3.01	37.65	0
27.299	2.995	37.7	2.995	37.7	0
27.399	3.015	37.65	3.015	37.65	0
27.499	2.995	37.65	2.995	37.65	0
27.599	3	37.65	3	37.65	0
27.699	2.995	37.65	2.995	37.65	0
27.799	3.005	37.65	3.005	37.65	0
27.899	2.995	37.65	2.995	37.65	0
27.999	3.01	37.65	3.01	37.65	0
28.099	3	37.65	3	37.65	0
28.199	3.01	37.65	3.01	37.65	0
28.299	3	37.65	3	37.65	0
28.399	3.005	37.65	3.005	37.65	0
28.499	2.995	37.65	2.995	37.65	0
28.599	3.01	37.65	3.01	37.65	0
28.699	2.995	37.65	2.995	37.65	0
28.799	3.01	37.65	3.01	37.65	0
28.899	2.995	37.65	2.995	37.65	0
28.999	3.01	37.65	3.01	37.65	0
29.099	3	37.65	3	37.65	0
29.199	3.005	37.65	3.005	37.65	0
29.299	3	37.65	3	37.65	0
29.399	3.005	37.65	3.005	37.65	0
29.499	3	37.65	3	37.65	0
29.599	3.01	37.65	3.01	37.65	0
29.699	3.005	37.65	3.005	37.65	0
29.799	3.01	37.65	3.01	37.65	0
29.899	3.005	37.65	3.005	37.65	0
29.999	3.005	37.65	3.005	37.65	0
30.099	3	37.7	3	37.7	0
30.199	3.005	37.65	3.005	37.65	0
30.299	2.995	37.65	2.995	37.65	0
30.399	3.005	37.65	3.005	37.65	0
30.499	3.005	37.65	3.005	37.65	0
30.599	3	37.65	3	37.65	0
30.699	3.005	37.65	3.005	37.65	0
30.799	2.995	37.65	2.995	37.65	0
30.899	2.995	37.65	2.995	37.65	0
30.999	2.995	37.65	2.995	37.65	0
31.099	3.005	37.65	3.005	37.65	0
31.199	3	37.65	3	37.65	0
31.299	3.01	37.65	3.01	37.65	0
31.399	3	37.7	3	37.7	0
31.499	3.005	37.65	3.005	37.65	0
31.6	2.995	37.65	2.995	37.65	0
31.7	3	37.65	3	37.65	0
31.799	2.99	37.65	2.99	37.65	0
31.899	3	37.7	3	37.7	0
32	2.995	37.65	2.995	37.65	0
32.1	3.005	37.65	3.005	37.65	0
32.2	2.995	37.65	2.995	37.65	0
32.3	3	37.65	3	37.65	0
32.4	2.985	37.7	2.985	37.7	0
32.5	2.995	37.65	2.995	37.65	0
32.6	2.985	37.7	2.985	37.7	0
32.7	3	37.65	3	37.65	0
32.8	2.995	37.7	2.995	37.7	0
32.9	3.005	37.65	3.005	37.65	0
33	2.99	37.65	2.99	37.65	0
33.1	3.005	37.7	3.005	37.7	0
33.2	2.985	37.7	2.985	37.7	0
33.3	2.99	37.65	2.99	37.65	0
33.4	2.985	37.65	2.985	37.65	0
33.5	2.995	37.65	2.995	37.65	0
33.6	2.99	37.65	2.99	37.65	0
33.7	3	37.65	3	37.65	0
33.799	3	37.65	3	37.65	0
33.899	3.01	37.65	3.01	37.65	0
33.999	3.005	37.65	3.005	37.65	0
34.099	3	37.65	3	37.65	0
34.199	2.995	37.65	2.995	37.65	0
34.299	2.995	37.7	2.995	37.7	0
34.399	3	37.65	3	37.65	0
34.499	3	37.7	3	37.7	0
34.599	3.005	37.65	3.005	37.65	0
34.699	2.995	37.65	2.995	37.65	0
34.799	3.005	37.65	3.005	37.65	0
34.899	2.99	37.65	2.99	37.65	0
34.999	2.995	37.7	2.995	37.7	0
