MIN=0	0	0	0	0	0
MAX=50	10	10	10	70	1
SCALE=50	5	5	5	10	0.5
DEC=1	2	2	2	2	0
DEF="Time" t / s	"Voltage" U_A1 / V	"Voltage" U_B1 / V	"Anode" U_A / V	"Acceleration voltage" U_B / V	"Relay" R_1
0	-0.02	0	-0.02	0	0
0.099	-0.015	0	-0.015	0	0
0.199	-0.02	0	-0.02	0	0
0.299	-0.015	0	-0.015	0	0
0.399	-0.02	0.1	-0.02	0.1	0
0.499	-0.01	0.3	-0.01	0.3	0
0.599	-0.02	0.45	-0.02	0.45	0
0.699	-0.01	0.65	-0.01	0.65	0
0.799	-0.02	0.85	-0.02	0.85	0
0.899	-0.01	1.05	-0.01	1.05	0
0.999	-0.02	1.2	-0.02	1.2	0
1.099	-0.015	1.4	-0.015	1.4	0
1.199	-0.025	1.55	-0.025	1.55	0
1.299	-0.02	1.75	-0.02	1.75	0
1.399	-0.02	1.9	-0.02	1.9	0
1.499	-0.025	2.1	-0.025	2.1	0
1.599	-0.02	2.3	-0.02	2.3	0
1.699	-0.02	2.45	-0.02	2.45	0
1.799	-0.02	2.65	-0.02	2.65	0
1.899	-0.02	2.8	-0.02	2.8	0
1.999	-0.02	3	-0.02	3	0
2.099	-0.025	3.2	-0.025	3.2	0
2.199	-0.02	3.35	-0.02	3.35	0
2.299	-0.025	3.55	-0.025	3.55	0
2.399	-0.02	3.75	-0.02	3.75	0
2.499	-0.025	3.9	-0.025	3.9	0
2.599	-0.02	4.1	-0.02	4.1	0
2.699	-0.025	4.25	-0.025	4.25	0
2.799	-0.02	4.45	-0.02	4.45	0
2.899	-0.025	4.65	-0.025	4.65	0
2.999	-0.015	4.8	-0.015	4.8	0
3.099	-0.02	5	-0.02	5	0
3.199	-0.005	5.2	-0.005	5.2	0
3.299	-0.015	5.35	-0.015	5.35	0
3.399	0	5.5	0	5.5	0
3.499	0	5.75	0	5.75	0
3.599	0.015	5.9	0.015	5.9	0
3.7	0.015	6.1	0.015	6.1	0
3.8	0.035	6.25	0.035	6.25	0
3.9	0.04	6.45	0.04	6.45	0
4	0.06	6.6	0.06	6.6	0
4.1	0.055	6.8	0.055	6.8	0
4.2	0.065	7	0.065	7	0
4.3	0.06	7.2	0.06	7.2	0
4.4	0.065	7.35	0.065	7.35	0
4.5	0.05	7.5	0.05	7.5	0
4.6	0.055	7.7	0.055	7.7	0
4.7	0.045	7.95	0.045	7.95	0
4.8	0.045	8.1	0.045	8.1	0
4.899	0.03	8.3	0.03	8.3	0
4.999	0.025	8.45	0.025	8.45	0
5.099	0.02	8.6	0.02	8.6	0
5.199	0.015	8.8	0.015	8.8	0
5.299	0.015	9	0.015	9	0
5.399	0.01	9.15	0.01	9.15	0
5.499	0.015	9.3	0.015	9.3	0
5.599	0.02	9.55	0.02	9.55	0
5.699	0.03	9.7	0.03	9.7	0
5.799	0.045	9.9	0.045	9.9	0
5.899	0.065	10.05	0.065	10.05	0
5.999	0.09	10.25	0.09	10.25	0
6.099	0.125	10.45	0.125	10.45	0
6.199	0.16	10.6	0.16	10.6	0
6.3	0.205	10.8	0.205	10.8	0
6.399	0.255	11	0.255	11	0
6.499	0.305	11.15	0.305	11.15	0
6.599	0.35	11.35	0.35	11.35	0
6.699	0.365	11.5	0.365	11.5	0
6.799	0.34	11.7	0.34	11.7	0
6.899	0.32	11.85	0.32	11.85	0
6.999	0.27	12.1	0.27	12.1	0
7.099	0.24	12.25	0.24	12.25	0
7.199	0.19	12.45	0.19	12.45	0
7.299	0.17	12.6	0.17	12.6	0
7.399	0.13	12.75	0.13	12.75	0
7.499	0.11	13	0.11	13	0
7.599	0.08	13.15	0.08	13.15	0
7.699	0.07	13.35	0.07	13.35	0
7.799	0.045	13.5	0.045	13.5	0
7.899	0.045	13.7	0.045	13.7	0
7.999	0.04	13.9	0.04	13.9	0
8.099	0.055	14.1	0.055	14.1	0
8.199	0.07	14.25	0.07	14.25	0
8.299	0.11	14.45	0.11	14.45	0
8.399	0.145	14.6	0.145	14.6	0
8.499	0.21	14.8	0.21	14.8	0
8.599	0.275	15	0.275	15	0
8.699	0.37	15.2	0.37	15.2	0
8.799	0.455	15.35	0.455	15.35	0
8.899	0.575	15.55	0.575	15.55	0
8.999	0.7	15.7	0.7	15.7	0
9.1	0.845	15.9	0.845	15.9	0
9.2	0.95	16.05	0.95	16.05	0
9.3	1.02	16.25	1.02	16.25	0
9.4	0.995	16.4	0.995	16.4	0
9.499	0.915	16.6	0.915	16.6	0
9.6	0.76	16.8	0.76	16.8	0
9.699	0.65	16.95	0.65	16.95	0
9.8	0.515	17.15	0.515	17.15	0
9.9	0.42	17.3	0.42	17.3	0
10	0.315	17.5	0.315	17.5	0
10.1	0.24	17.7	0.24	17.7	0
10.2	0.18	17.85	0.18	17.85	0
10.3	0.135	18.05	0.135	18.05	0
10.4	0.1	18.25	0.1	18.25	0
10.5	0.075	18.4	0.075	18.4	0
10.6	0.075	18.6	0.075	18.6	0
10.699	0.08	18.75	0.08	18.75	0
10.8	0.13	18.95	0.13	18.95	0
10.9	0.175	19.15	0.175	19.15	0
11.001	0.265	19.35	0.265	19.35	0
11.1	0.345	19.5	0.345	19.5	0
11.2	0.495	19.7	0.495	19.7	0
11.3	0.62	19.85	0.62	19.85	0
11.4	0.8	20.05	0.8	20.05	0
11.5	1.02	20.25	1.02	20.25	0
11.6	1.23	20.4	1.23	20.4	0
11.7	1.48	20.6	1.48	20.6	0
11.8	1.735	20.75	1.735	20.75	0
11.9	1.95	21	1.95	21	0
12	2.035	21.15	2.035	21.15	0
12.1	1.95	21.35	1.95	21.35	0
12.2	1.755	21.5	1.755	21.5	0
12.3	1.46	21.7	1.46	21.7	0
12.399	1.245	21.85	1.245	21.85	0
12.5	0.975	22.05	0.975	22.05	0
12.599	0.775	22.2	0.775	22.2	0
12.7	0.565	22.45	0.565	22.45	0
12.8	0.435	22.6	0.435	22.6	0
12.9	0.31	22.8	0.31	22.8	0
13	0.24	22.95	0.24	22.95	0
13.1	0.175	23.15	0.175	23.15	0
13.2	0.15	23.3	0.15	23.3	0
13.3	0.145	23.5	0.145	23.5	0
13.4	0.185	23.65	0.185	23.65	0
13.5	0.235	23.85	0.235	23.85	0
13.6	0.355	24.05	0.355	24.05	0
13.7	0.475	24.25	0.475	24.25	0
13.8	0.675	24.4	0.675	24.4	0
13.9	0.85	24.6	0.85	24.6	0
14	1.15	24.75	1.15	24.75	0
14.1	1.405	24.95	1.405	24.95	0
14.2	1.79	25.15	1.79	25.15	0
14.3	2.145	25.3	2.145	25.3	0
14.4	2.555	25.5	2.555	25.5	0
14.5	2.875	25.7	2.875	25.7	0
14.6	3.215	25.85	3.215	25.85	0
14.7	3.31	26.05	3.31	26.05	0
14.8	3.215	26.25	3.215	26.25	0
14.9	2.98	26.4	2.98	26.4	0
15	2.59	26.6	2.59	26.6	0
15.1	2.24	26.75	2.24	26.75	0
15.2	1.8	26.95	1.8	26.95	0
15.3	1.47	27.15	1.47	27.15	0
15.4	1.125	27.3	1.125	27.3	0
15.5	0.86	27.5	0.86	27.5	0
15.6	0.64	27.65	0.64	27.65	0
15.7	0.465	27.85	0.465	27.85	0
15.8	0.36	28	0.36	28	0
15.9	0.305	28.2	0.305	28.2	0
16	0.28	28.4	0.28	28.4	0
16.1	0.335	28.6	0.335	28.6	0
16.2	0.405	28.75	0.405	28.75	0
16.3	0.555	28.95	0.555	28.95	0
16.4	0.74	29.1	0.74	29.1	0
16.5	1.02	29.3	1.02	29.3	0
16.6	1.305	29.45	1.305	29.45	0
16.7	1.675	29.65	1.675	29.65	0
16.8	2.09	29.8	2.09	29.8	0
16.9	2.61	30.05	2.61	30.05	0
17.003	3.09	30.25	3.09	30.25	0
17.1	3.735	30.4	3.735	30.4	0
17.2	4.185	30.55	4.185	30.55	0
17.3	4.62	30.75	4.62	30.75	0
17.4	4.835	30.9	4.835	30.9	0
17.5	4.84	31.1	4.84	31.1	0
17.6	4.61	31.3	4.61	31.3	0
17.7	4.315	31.45	4.315	31.45	0
17.8	3.815	31.65	3.815	31.65	0
17.9	3.29	31.85	3.29	31.85	0
18	2.7	32	2.7	32	0
18.1	2.205	32.2	2.205	32.2	0
18.2	1.755	32.4	1.755	32.4	0
18.3	1.39	32.55	1.39	32.55	0
18.4	1.045	32.75	1.045	32.75	0
18.5	0.835	32.9	0.835	32.9	0
18.6	0.675	33.1	0.675	33.1	0
18.7	0.615	33.3	0.615	33.3	0
18.8	0.61	33.45	0.61	33.45	0
18.9	0.7	33.65	0.7	33.65	0
19	0.86	33.85	0.86	33.85	0
19.101	1.085	34	1.085	34	0
19.2	1.44	34.2	1.44	34.2	0
19.3	1.85	34.4	1.85	34.4	0
19.4	2.29	34.55	2.29	34.55	0
19.501	2.96	34.75	2.96	34.75	0
19.6	3.53	34.95	3.53	34.95	0
19.7	4.315	35.1	4.315	35.1	0
19.8	5.01	35.25	5.01	35.25	0
19.9	5.815	35.45	5.815	35.45	0
20	6.35	35.65	6.35	35.65	0
20.1	6.79	35.85	6.79	35.85	0
20.2	6.965	36	6.965	36	0
20.3	6.89	36.2	6.89	36.2	0
20.4	6.66	36.35	6.66	36.35	0
20.5	6.19	36.55	6.19	36.55	0
20.6	5.58	36.7	5.58	36.7	0
20.7	4.82	36.95	4.82	36.95	0
20.8	4.225	37.1	4.225	37.1	0
20.9	3.445	37.3	3.445	37.3	0
21	2.91	37.45	2.91	37.45	0
21.1	2.31	37.65	2.31	37.65	0
21.2	2.295	37.65	2.295	37.65	0
21.3	2.29	37.65	2.29	37.65	0
21.4	2.29	37.65	2.29	37.65	0
21.5	2.28	37.65	2.28	37.65	0
21.6	2.295	37.65	2.295	37.65	0
21.7	2.285	37.65	2.285	37.65	0
21.8	2.3	37.65	2.3	37.65	0
21.9	2.29	37.65	2.29	37.65	0
22	2.3	37.65	2.3	37.65	0
22.1	2.29	37.65	2.29	37.65	0
22.2	2.3	37.65	2.3	37.65	0
22.3	2.3	37.65	2.3	37.65	0
22.4	2.31	37.65	2.31	37.65	0
22.5	2.31	37.65	2.31	37.65	0
22.599	2.31	37.65	2.31	37.65	0
22.699	2.305	37.65	2.305	37.65	0
22.799	2.305	37.65	2.305	37.65	0
22.899	2.3	37.65	2.3	37.65	0
22.999	2.295	37.65	2.295	37.65	0
23.099	2.295	37.65	2.295	37.65	0
23.199	2.295	37.65	2.295	37.65	0
23.299	2.3	37.65	2.3	37.65	0
23.399	2.295	37.65	2.295	37.65	0
23.499	2.3	37.65	2.3	37.65	0
23.599	2.29	37.65	2.29	37.65	0
23.699	2.3	37.65	2.3	37.65	0
23.8	2.3	37.65	2.3	37.65	0
23.899	2.305	37.65	2.305	37.65	0
23.999	2.3	37.65	2.3	37.65	0
24.099	2.31	37.65	2.31	37.65	0
24.199	2.3	37.65	2.3	37.65	0
24.299	2.31	37.65	2.31	37.65	0
24.399	2.295	37.65	2.295	37.65	0
24.499	2.295	37.65	2.295	37.65	0
24.599	2.29	37.65	2.29	37.65	0
24.699	2.3	37.65	2.3	37.65	0
24.8	2.29	37.65	2.29	37.65	0
24.9	2.305	37.65	2.305	37.65	0
25	2.295	37.65	2.295	37.65	0
25.1	2.305	37.65	2.305	37.65	0
25.2	2.29	37.65	2.29	37.65	0
25.3	2.305	37.65	2.305	37.65	0
25.4	2.295	37.7	2.295	37.7	0
25.5	2.31	37.65	2.31	37.65	0
25.6	2.305	37.65	2.305	37.65	0
25.7	2.315	37.65	2.315	37.65	0
25.8	2.305	37.65	2.305	37.65	0
25.9	2.315	37.65	2.315	37.65	0
26	2.3	37.65	2.3	37.65	0
26.1	2.31	37.7	2.31	37.7	0
26.2	2.3	37.65	2.3	37.65	0
26.3	2.31	37.65	2.31	37.65	0
