# Strom: 0.55 A
# Magnetfeld: -64 mT
# Schnitt bei (722,485)
# Mittelung: 1 Pixel
# Magnetfeldsensor kalibriertPixel ; Red Value
1;997
2;954
3;911
4;853
5;795
6;757
7;720
8;707
9;695
10;689
11;684
12;675
13;666
14;639
15;613
16;635
17;657
18;641
19;626
20;616
21;607
22;602
23;598
24;604
25;611
26;629
27;648
28;670
29;693
30;683
31;673
32;716
33;759
34;793
35;828
36;936
37;1044
38;1173
39;1303
40;1576
41;1849
42;2136
43;2424
44;2685
45;2947
46;3024
47;3101
48;3023
49;2945
50;2769
51;2593
52;2383
53;2173
54;1999
55;1825
56;1680
57;1536
58;1426
59;1317
60;1243
61;1170
62;1101
63;1033
64;957
65;882
66;846
67;811
68;768
69;726
70;735
71;744
72;733
73;722
74;683
75;644
76;640
77;637
78;622
79;607
80;618
81;629
82;618
83;607
84;615
85;624
86;630
87;637
88;649
89;662
90;662
91;662
92;682
93;702
94;692
95;682
96;710
97;739
98;748
99;757
100;778
101;800
102;818
103;837
104;893
105;950
106;1022
107;1094
108;1215
109;1336
110;1487
111;1638
112;1925
113;2213
114;2476
115;2739
116;2992
117;3245
118;3414
119;3584
120;3620
121;3657
122;3564
123;3471
124;3270
125;3069
126;2856
127;2644
128;2505
129;2366
130;2220
131;2075
132;1920
133;1765
134;1643
135;1521
136;1475
137;1430
138;1345
139;1261
140;1181
141;1101
142;1057
143;1013
144;1005
145;997
146;954
147;911
148;885
149;859
150;831
151;804
152;802
153;800
154;787
155;775
156;761
157;748
158;770
159;793
160;756
161;719
162;716
163;713
164;734
165;755
166;727
167;699
168;722
169;746
170;748
171;751
172;719
173;688
174;718
175;748
176;748
177;748
178;752
179;757
180;755
181;753
182;758
183;764
184;816
185;868
186;889
187;910
188;892
189;875
190;929
191;984
192;1039
193;1095
194;1156
195;1217
196;1308
197;1399
198;1531
199;1663
200;1878
201;2093
202;2302
203;2512
204;2732
205;2952
206;3190
207;3429
208;3525
209;3622
210;3726
211;3831
212;3804
213;3778
214;3663
215;3549
216;3449
217;3349
218;3157
219;2965
220;2846
221;2728
222;2563
223;2399
224;2289
225;2180
226;2007
227;1834
228;1749
229;1665
230;1564
231;1463
232;1392
233;1321
234;1275
235;1230
236;1187
237;1144
238;1104
239;1064
240;1010
241;957
242;959
243;962
244;907
245;853
246;843
247;833
248;836
249;839
250;804
251;769
252;779
253;790
254;777
255;764
256;746
257;729
258;727
259;726
260;730
261;735
262;715
263;695
264;692
265;689
266;702
267;715
268;723
269;731
270;704
271;677
272;699
273;722
274;720
275;719
276;735
277;751
278;756
279;762
280;773
281;784
282;786
283;788
284;801
285;815
286;803
287;791
288;813
289;835
290;845
291;855
292;872
293;890
294;860
295;831
296;860
297;890
298;887
299;884
300;910
301;937
302;930
303;924
304;941
305;959
306;983
307;1008
308;999
309;990
310;1018
311;1046
312;1055
313;1064
314;1062
315;1061
316;1105
317;1150
318;1168
319;1186
320;1187
321;1188
322;1252
323;1316
324;1327
325;1339
326;1413
327;1487
328;1544
329;1601
330;1686
331;1771
332;1839
333;1907
334;2044
335;2182
336;2299
337;2417
338;2531
339;2646
340;2767
341;2888
342;3013
343;3138
344;3279
345;3420
346;3514
347;3609
348;3744
349;3879
350;3987
351;4095
352;4095
353;4095
354;4095
355;4095
356;4095
357;4095
358;4095
359;4095
360;4095
361;4095
362;4095
363;4095
364;4086
365;4077
366;3988
367;3900
368;3868
369;3837
370;3721
371;3606
372;3560
373;3515
374;3451
375;3387
376;3305
377;3223
378;3077
379;2932
380;2872
381;2812
382;2764
383;2717
384;2629
385;2542
386;2493
387;2444
388;2370
389;2297
390;2203
391;2109
392;2072
393;2035
394;1930
395;1825
396;1809
397;1794
398;1764
399;1734
400;1706
401;1678
402;1594
403;1510
404;1479
405;1448
406;1418
407;1388
408;1371
409;1354
410;1325
411;1296
412;1266
413;1237
414;1234
415;1232
416;1209
417;1186
418;1160
419;1135
420;1132
421;1130
422;1092
423;1055
424;1070
425;1086
426;1069
427;1053
428;1063
429;1073
430;1049
431;1026
432;1016
433;1006
434;1004
435;1002
436;1000
437;999
438;985
439;972
440;978
441;984
442;969
443;955
444;951
445;948
446;989
447;1030
448;1023
449;1017
450;1025
451;1033
452;1030
453;1028
454;1034
455;1041
456;1044
457;1048
458;1072
459;1097
460;1098
461;1099
462;1079
463;1059
464;1081
465;1103
466;1058
467;1013
468;1013
469;1013
470;1018
471;1023
472;989
473;955
474;994
475;1033
476;1015
477;997
478;968
479;939
480;955
481;972
482;974
483;977
484;972
485;968
486;990
487;1012
488;1001
489;990
490;990
491;990
492;983
493;977
494;989
495;1002
496;987
497;972
498;979
499;986
500;1004
501;1023
502;1012
503;1001
504;1000
505;999
506;1011
507;1023
508;1030
509;1037
510;1013
511;990
512;1003
513;1017
514;1042
515;1068
516;1054
517;1041
518;1039
519;1037
520;1080
521;1124
522;1100
523;1077
524;1082
525;1088
526;1096
527;1104
528;1119
529;1134
530;1148
531;1163
532;1170
533;1177
534;1180
535;1183
536;1196
537;1210
538;1217
539;1225
540;1256
541;1288
542;1281
543;1274
544;1321
545;1368
546;1372
547;1377
548;1396
549;1416
550;1440
551;1465
552;1455
553;1445
554;1491
555;1538
556;1532
557;1527
558;1584
559;1641
560;1660
561;1680
562;1690
563;1701
564;1759
565;1818
566;1788
567;1758
568;1824
569;1891
570;1912
571;1933
572;1992
573;2051
574;2130
575;2209
576;2287
577;2366
578;2429
579;2493
580;2530
581;2568
582;2654
583;2741
584;2815
585;2890
586;2971
587;3052
588;3126
589;3200
590;3266
591;3332
592;3439
593;3547
594;3656
595;3766
596;3849
597;3933
598;3953
599;3973
600;4034
601;4095
602;4095
603;4095
604;4095
605;4095
606;4095
607;4095
608;4095
609;4095
610;4095
611;4095
612;4095
613;4095
614;4095
615;4095
616;4095
617;4095
618;4095
619;4095
620;4095
621;4095
622;3962
623;3829
624;3710
625;3591
626;3446
627;3302
628;3121
629;2941
630;2813
631;2686
632;2506
633;2326
634;2202
635;2078
636;1966
637;1854
638;1747
639;1640
640;1574
641;1509
642;1461
643;1414
644;1337
645;1261
646;1222
647;1183
648;1133
649;1083
650;1063
651;1044
652;1036
653;1028
654;1006
655;984
656;957
657;930
658;922
659;915
660;893
661;871
662;873
663;875
664;840
665;806
666;808
667;811
668;825
669;840
670;807
671;775
672;777
673;780
674;762
675;744
676;754
677;764
678;750
679;737
680;742
681;748
682;758
683;768
684;758
685;749
686;744
687;739
688;750
689;762
690;764
691;766
692;740
693;715
694;708
695;702
696;695
697;688
698;685
699;682
700;685
701;689
702;677
703;666
704;656
705;646
706;670
707;695
708;700
709;706
710;690
711;675
712;660
713;646
714;674
715;702
716;717
717;733
718;739
719;746
720;775
721;804
722;812
723;820
724;839
725;859
726;881
727;904
728;951
729;999
730;1021
731;1044
732;1099
733;1155
734;1181
735;1208
736;1303
737;1398
738;1448
739;1498
740;1586
741;1674
742;1826
743;1978
744;2076
745;2175
746;2338
747;2501
748;2639
749;2777
750;2977
751;3178
752;3370
753;3562
754;3722
755;3882
756;3969
757;4057
758;4061
759;4066
760;3908
761;3751
762;3562
763;3374
764;3135
765;2897
766;2602
767;2308
768;2072
769;1836
770;1687
771;1538
772;1400
773;1263
774;1183
775;1104
776;1046
777;988
778;953
779;919
780;880
781;842
782;827
783;813
784;798
785;784
786;755
787;726
788;747
789;768
790;744
791;720
792;740
793;760
794;764
795;768
796;754
797;740
798;740
799;740
800;724
801;709
802;693
803;677
804;718
805;759
806;759
807;759
808;736
809;713
810;735
811;757
812;769
813;782
814;791
815;800
816;826
817;853
818;893
819;933
820;959
821;986
822;1013
823;1041
824;1073
825;1106
826;1141
827;1177
828;1236
829;1296
830;1391
831;1487
832;1548
833;1610
834;1751
835;1893
836;1969
837;2046
838;2251
839;2457
840;2693
841;2930
842;3144
843;3358
844;3616
845;3875
846;3985
847;4095
848;4095
849;4095
850;4095
851;4095
852;4095
853;4095
854;3724
855;3354
856;2963
857;2573
858;2255
859;1938
860;1713
861;1489
862;1351
863;1214
864;1136
865;1059
866;1018
867;977
868;922
869;868
870;852
871;837
872;812
873;788
874;779
875;771
876;747
877;724
878;727
879;731
880;725
881;719
882;723
883;728
884;748
885;769
886;753
887;737
888;738
889;740
890;775
891;810
892;805
893;800
894;790
895;780
896;826
897;873
898;863
899;853
900;933
901;1013
902;1051
903;1090
904;1149
905;1208
906;1244
907;1281
908;1371
909;1461
910;1526
911;1592
912;1764
913;1936
914;2091
915;2246
916;2486
917;2726
918;2726
