# Strom: 4.04 A
# Magnetfeld: -407 mT
# Schnitt bei (722,485)
# Mittelung: 1 Pixel
# Magnetfeldsensor kalibriertPixel ; Red Value
1;248
2;239
3;230
4;244
5;258
6;246
7;235
8;236
9;237
10;242
11;247
12;247
13;248
14;250
15;253
16;252
17;250
18;266
19;282
20;289
21;297
22;295
23;293
24;309
25;326
26;381
27;437
28;480
29;523
30;574
31;626
32;618
33;610
34;534
35;458
36;400
37;342
38;303
39;263
40;266
41;269
42;251
43;233
44;233
45;234
46;229
47;223
48;226
49;230
50;231
51;232
52;238
53;244
54;248
55;252
56;263
57;273
58;267
59;262
60;261
61;261
62;269
63;276
64;290
65;303
66;310
67;317
68;324
69;331
70;380
71;429
72;496
73;563
74;603
75;643
76;642
77;641
78;572
79;503
80;439
81;374
82;333
83;292
84;281
85;271
86;259
87;247
88;245
89;243
90;240
91;238
92;233
93;229
94;232
95;235
96;251
97;266
98;265
99;264
100;259
101;254
102;250
103;246
104;247
105;248
106;255
107;263
108;275
109;288
110;295
111;302
112;299
113;297
114;318
115;339
116;366
117;393
118;446
119;500
120;563
121;627
122;654
123;681
124;650
125;620
126;562
127;505
128;442
129;379
130;338
131;298
132;290
133;282
134;269
135;256
136;247
137;239
138;237
139;236
140;233
141;231
142;229
143;228
144;229
145;231
146;237
147;244
148;251
149;258
150;258
151;258
152;259
153;261
154;258
155;255
156;256
157;257
158;270
159;284
160;296
161;308
162;302
163;296
164;311
165;327
166;346
167;365
168;399
169;433
170;489
171;545
172;603
173;662
174;690
175;719
176;689
177;659
178;605
179;551
180;469
181;388
182;346
183;303
184;294
185;285
186;271
187;257
188;257
189;258
190;254
191;250
192;242
193;234
194;235
195;237
196;239
197;241
198;244
199;248
200;251
201;254
202;262
203;270
204;269
205;268
206;268
207;268
208;269
209;270
210;263
211;257
212;267
213;278
214;283
215;288
216;307
217;326
218;327
219;328
220;332
221;337
222;336
223;336
224;386
225;437
226;482
227;527
228;592
229;657
230;705
231;752
232;757
233;763
234;709
235;656
236;573
237;491
238;450
239;409
240;372
241;335
242;309
243;282
244;265
245;249
246;245
247;241
248;246
249;251
250;247
251;242
252;240
253;238
254;236
255;234
256;235
257;236
258;237
259;238
260;251
261;264
262;274
263;285
264;283
265;282
266;271
267;261
268;273
269;286
270;273
271;260
272;261
273;261
274;277
275;292
276;298
277;303
278;299
279;296
280;308
281;321
282;325
283;329
284;332
285;335
286;361
287;388
288;409
289;430
290;474
291;518
292;583
293;649
294;706
295;763
296;779
297;795
298;771
299;748
300;668
301;589
302;534
303;480
304;440
305;401
306;367
307;334
308;318
309;303
310;291
311;280
312;268
313;256
314;254
315;252
316;244
317;237
318;240
319;244
320;240
321;236
322;241
323;247
324;248
325;250
326;253
327;256
328;260
329;265
330;274
331;283
332;279
333;275
334;286
335;296
336;280
337;264
338;269
339;275
340;277
341;280
342;271
343;263
344;272
345;281
346;287
347;294
348;301
349;309
350;314
351;319
352;310
353;302
354;319
355;337
356;329
357;322
358;328
359;333
360;350
361;366
362;380
363;394
364;430
365;465
366;521
367;576
368;619
369;661
370;717
371;772
372;794
373;815
374;804
375;793
376;768
377;743
378;699
379;655
380;587
381;520
382;478
383;437
384;401
385;366
386;349
387;332
388;304
389;276
390;282
391;289
392;282
393;276
394;262
395;249
396;243
397;238
398;244
399;251
400;247
401;242
402;254
403;266
404;259
405;253
406;255
407;258
408;253
409;248
410;252
411;256
412;261
413;267
414;267
415;268
416;272
417;276
418;283
419;291
420;296
421;301
422;292
423;284
424;288
425;291
426;291
427;291
428;296
429;302
430;290
431;279
432;281
433;284
434;284
435;284
436;286
437;288
438;295
439;302
440;302
441;302
442;312
443;321
444;326
445;332
446;334
447;337
448;334
449;331
450;339
451;348
452;342
453;336
454;342
455;349
456;364
457;379
458;397
459;415
460;435
461;455
462;486
463;517
464;553
465;589
466;626
467;663
468;717
469;771
470;803
471;835
472;854
473;873
474;865
475;857
476;837
477;817
478;788
479;758
480;698
481;639
482;598
483;557
484;530
485;502
486;468
487;435
488;410
489;385
490;376
491;367
492;344
493;322
494;326
495;330
496;314
497;298
498;295
499;292
500;293
501;293
502;289
503;286
504;274
505;263
506;264
507;266
508;266
509;266
510;262
511;259
512;252
513;246
514;244
515;242
516;248
517;253
518;252
519;250
520;249
521;249
522;251
523;253
524;256
525;259
526;258
527;258
528;254
529;250
530;255
531;261
532;265
533;269
534;267
535;265
536;273
537;281
538;287
539;292
540;287
541;282
542;294
543;307
544;311
545;315
546;317
547;319
548;318
549;318
550;323
551;328
552;322
553;315
554;321
555;327
556;314
557;300
558;296
559;292
560;298
561;303
562;299
563;296
564;289
565;282
566;280
567;278
568;279
569;281
570;288
571;295
572;291
573;287
574;289
575;290
576;292
577;294
578;290
579;285
580;294
581;304
582;308
583;312
584;312
585;313
586;317
587;321
588;320
589;320
590;323
591;327
592;332
593;338
594;335
595;333
596;343
597;353
598;347
599;342
600;340
601;338
602;344
603;350
604;345
605;340
606;350
607;360
608;356
609;352
610;359
611;366
612;354
613;342
614;350
615;359
616;359
617;359
618;356
619;353
620;356
621;359
622;371
623;383
624;385
625;387
626;385
627;382
628;394
629;406
630;410
631;414
632;429
633;444
634;453
635;462
636;471
637;481
638;494
639;508
640;519
641;531
642;542
643;553
644;550
645;547
646;571
647;596
648;599
649;603
650;617
651;632
652;646
653;661
654;671
655;681
656;693
657;706
658;717
659;728
660;736
661;743
662;761
663;779
664;774
665;768
666;786
667;804
668;804
669;804
670;819
671;835
672;834
673;833
674;851
675;869
676;861
677;854
678;853
679;853
680;866
681;880
682;892
683;903
684;909
685;915
686;898
687;882
688;889
689;895
690;905
691;916
692;897
693;879
694;883
695;887
696;888
697;889
698;886
699;884
700;891
701;899
702;886
703;872
704;878
705;884
706;908
707;932
708;916
709;899
710;911
711;922
712;903
713;884
714;886
715;888
716;881
717;875
718;882
719;890
720;893
721;896
722;893
723;891
724;888
725;885
726;899
727;914
728;903
729;892
730;894
731;897
732;879
733;862
734;867
735;873
736;889
737;905
738;890
739;876
740;891
741;906
742;910
743;915
744;918
745;921
746;915
747;909
748;915
749;920
750;912
751;905
752;879
753;854
754;856
755;858
756;866
757;874
758;883
759;892
760;879
761;867
762;855
763;842
764;845
765;849
766;818
767;788
768;781
769;775
770;772
771;770
772;766
773;763
774;746
775;730
776;716
777;702
778;689
779;677
780;661
781;645
782;655
783;665
784;642
785;619
786;610
787;601
788;583
789;566
790;551
791;536
792;530
793;523
794;508
795;494
796;491
797;489
798;464
799;440
800;442
801;445
802;429
803;413
804;411
805;409
806;397
807;385
808;387
809;389
810;385
811;381
812;365
813;349
814;358
815;367
816;366
817;364
818;361
819;359
820;353
821;347
822;339
823;331
824;345
825;359
826;342
827;326
828;335
829;344
830;345
831;347
832;345
833;343
834;329
835;314
836;327
837;340
838;334
839;328
840;336
841;343
842;334
843;325
844;323
845;321
846;313
847;305
848;310
849;316
850;311
851;305
852;302
853;300
854;295
855;291
856;289
857;286
858;288
859;290
860;294
861;299
862;285
863;271
864;274
865;277
866;270
867;263
868;262
869;261
870;279
871;297
872;290
873;283
874;281
875;279
876;289
877;300
878;303
879;305
880;305
881;305
882;315
883;325
884;321
885;317
886;321
887;325
888;329
889;333
890;331
891;330
892;324
893;318
894;312
895;306
896;303
897;300
898;294
899;288
900;290
901;292
902;292
903;292
904;283
905;274
906;272
907;271
908;270
909;269
910;265
911;262
912;262
913;261
914;254
915;248
916;250
917;253
918;254
919;255
920;249
921;242
922;241
923;241
924;253
925;265
926;272
927;278
928;271
929;263
930;269
931;274
932;278
933;282
934;283
935;284
936;292
937;300
938;297
939;294
940;311
941;329
942;343
943;357
944;361
945;366
946;391
947;416
948;444
949;472
950;505
951;537
952;561
953;585
954;638
955;692
956;720
957;749
958;786
959;824
960;826
961;828
962;832
963;836
964;808
965;781
966;732
967;684
968;637
969;591
970;557
971;524
972;490
973;456
974;426
975;397
976;380
977;363
978;353
979;344
980;348
981;352
982;334
983;315
984;320
985;326
986;338
987;350
988;348
989;347
990;333
991;319
992;310
993;301
994;296
995;292
996;286
997;280
998;288
999;296
1000;288
1001;280
1002;283
1003;285
1004;285
1005;285
1006;290
1007;295
1008;299
1009;303
1010;304
1011;306
1012;307
1013;309
1014;313
1015;318
1016;327
1017;337
1018;327
1019;317
1020;312
1021;307
1022;302
1023;298
1024;280
1025;262
1026;266
1027;271
1028;261
1029;252
1030;248
1031;244
1032;256
1033;268
1034;263
1035;258
1036;255
1037;251
1038;254
1039;258
1040;261
1041;265
1042;279
1043;294
1044;291
1045;288
1046;303
1047;319
1048;338
1049;357
1050;369
1051;381
1052;423
1053;464
1054;505
1055;546
1056;608
1057;671
1058;698
1059;725
1060;770
1061;815
1062;809
1063;803
1064;744
1065;685
1066;637
1067;589
1068;529
1069;470
1070;436
1071;403
1072;382
1073;361
1074;353
1075;346
1076;336
1077;325
1078;321
1079;316
1080;319
1081;321
1082;314
1083;308
1084;306
1085;305
1086;294
1087;283
1088;275
1089;268
1090;273
1091;278
1092;278
1093;278
1094;286
1095;294
1096;297
1097;300
1098;300
1099;300
1100;311
1101;323
1102;314
1103;305
1104;302
1105;299
1106;288
1107;278
1108;262
1109;245
1110;253
1111;260
1112;256
1113;252
1114;248
1115;244
1116;254
1117;263
1118;256
1119;249
1120;256
1121;264
1122;267
1123;270
1124;279
1125;289
1126;298
1127;308
1128;327
1129;346
1130;385
1131;424
1132;478
1133;532
1134;591
1135;651
1136;701
1137;750
1138;763
1139;776
1140;744
1141;712
1142;647
1143;582
1144;520
1145;458
1146;415
1147;372
1148;352
1149;333
1150;328
1151;323
1152;326
1153;329
1154;318
1155;307
1156;303
1157;299
1158;302
1159;306
1160;288
1161;270
1162;271
1163;273
1164;274
1165;275
1166;272
1167;270
1168;285
1169;300
1170;313
1171;327
1172;303
1173;279
1174;280
1175;282
1176;272
1177;262
1178;249
1179;237
1180;244
1181;251
1182;238
1183;225
1184;239
1185;253
1186;249
1187;246
1188;254
1189;263
1190;259
1191;256
1192;278
1193;300
1194;312
1195;324
1196;360
1197;395
1198;446
1199;497
1200;569
1201;640
1202;692
1203;745
1204;730
1205;716
1206;661
1207;605
1208;540
1209;475
1210;429
1211;383
1212;359
1213;335
1214;320
1215;306
1216;308
1217;311
1218;299
1219;287
1220;283
1221;279
1222;271
1223;264
1224;269
1225;275
1226;268
1227;261
1228;270
1229;280
1230;292
1231;304
1232;297
1233;290
1234;291
1235;292
1236;273
1237;254
1238;255
1239;257
1240;248
1241;240
1242;243
1243;247
1244;243
1245;240
1246;244
1247;248
1248;253
1249;259
1250;274
1251;289
1252;305
1253;321
1254;351
1255;381
1256;438
1257;495
1258;573
1259;651
1260;683
1261;715
1262;681
1263;648
1264;577
1265;506
1266;449
1267;392
1268;360
1269;328
1270;324
1271;321
1272;315
1273;310
1274;303
1275;297
1276;288
1277;280
1278;271
1279;263
1280;264
1281;264
1282;261
1283;258
1284;265
1285;272
1286;278
1287;284
1288;280
1289;275
1290;263
1291;252
1292;251
1293;250
1294;240
1295;230
1296;235
1297;240
1298;249
1299;258
1300;251
1301;245
1302;251
1303;258
1304;278
1305;299
1306;330
1307;361
1308;409
1309;458
1310;546
1311;634
1312;671
1313;708
1314;663
1315;617
1316;538
1317;458
1318;404
1319;351
1320;333
1321;315
1322;312
1323;309
1324;303
1325;297
1326;283
1327;269
1328;264
1329;260
1330;260
1331;260
1332;269
1333;278
1334;274
1335;271
1336;276
1337;280
1338;268
1339;257
1340;245
1341;233
1342;233
1343;233
1344;233
1345;234
1346;237
1347;240
1348;241
1349;243
1350;253
1351;263
1352;279
1353;295
1354;337
1355;379
1356;423
1357;467
1358;551
1359;635
1360;665
1361;696
1362;631
1363;566
1364;481
1365;396
1366;358
1367;321
1368;321
