# Strom: 4.03 A
# Magnetfeld: -406 mT
# Schnitt bei (722,485)
# Mittelung: 1 Pixel
# Magnetfeldsensor kalibriertPixel ; Red Value
1;395
2;370
3;345
4;316
5;287
6;265
7;243
8;230
9;218
10;228
11;238
12;232
13;227
14;233
15;240
16;237
17;234
18;235
19;236
20;244
21;253
22;267
23;282
24;304
25;327
26;339
27;351
28;387
29;424
30;448
31;473
32;477
33;482
34;443
35;404
36;397
37;391
38;367
39;344
40;313
41;283
42;282
43;282
44;297
45;313
46;320
47;327
48;317
49;307
50;289
51;271
52;268
53;265
54;271
55;278
56;292
57;307
58;334
59;362
60;373
61;384
62;403
63;422
64;434
65;447
66;431
67;416
68;382
69;349
70;336
71;324
72;292
73;260
74;257
75;254
76;239
77;225
78;234
79;243
80;245
81;247
82;229
83;212
84;222
85;233
86;237
87;242
88;242
89;243
90;256
91;269
92;288
93;307
94;307
95;307
96;336
97;365
98;399
99;433
100;458
101;484
102;469
103;455
104;459
105;464
106;434
107;404
108;365
109;327
110;307
111;287
112;291
113;296
114;296
115;296
116;294
117;293
118;284
119;276
120;267
121;258
122;258
123;258
124;270
125;282
126;272
127;263
128;267
129;271
130;273
131;276
132;278
133;280
134;302
135;325
136;349
137;374
138;403
139;433
140;424
141;416
142;400
143;385
144;379
145;373
146;350
147;327
148;320
149;313
150;293
151;274
152;260
153;247
154;254
155;262
156;250
157;238
158;243
159;249
160;238
161;227
162;235
163;243
164;236
165;229
166;234
167;240
168;244
169;249
170;241
171;234
172;246
173;258
174;268
175;278
176;289
177;300
178;321
179;342
180;356
181;371
182;395
183;420
184;445
185;471
186;501
187;531
188;524
189;518
190;523
191;529
192;513
193;498
194;453
195;409
196;400
197;391
198;371
199;351
200;346
201;342
202;330
203;318
204;305
205;293
206;309
207;325
208;318
209;311
210;312
211;313
212;319
213;325
214;308
215;291
216;306
217;322
218;314
219;307
220;308
221;309
222;303
223;298
224;302
225;307
226;306
227;305
228;322
229;340
230;359
231;378
232;384
233;391
234;407
235;424
236;449
237;475
238;478
239;482
240;476
241;471
242;484
243;498
244;466
245;435
246;436
247;438
248;415
249;393
250;393
251;393
252;352
253;311
254;309
255;307
256;286
257;265
258;267
259;269
260;271
261;273
262;260
263;247
264;259
265;271
266;270
267;269
268;248
269;227
270;244
271;262
272;265
273;269
274;251
275;234
276;229
277;225
278;233
279;242
280;255
281;269
282;256
283;243
284;254
285;265
286;270
287;276
288;268
289;260
290;282
291;305
292;307
293;309
294;296
295;283
296;303
297;324
298;328
299;333
300;341
301;349
302;373
303;398
304;406
305;415
306;441
307;467
308;471
309;476
310;500
311;524
312;544
313;564
314;554
315;544
316;542
317;540
318;523
319;507
320;510
321;513
322;517
323;522
324;481
325;440
326;437
327;435
328;428
329;422
330;400
331;378
332;372
333;367
334;365
335;364
336;352
337;340
338;350
339;360
340;332
341;305
342;309
343;314
344;310
345;307
346;314
347;322
348;322
349;322
350;326
351;331
352;316
353;302
354;317
355;333
356;322
357;311
358;323
359;336
360;317
361;298
362;312
363;327
364;330
365;333
366;322
367;311
368;324
369;338
370;331
371;325
372;336
373;347
374;343
375;340
376;332
377;324
378;326
379;329
380;321
381;314
382;315
383;316
384;312
385;309
386;314
387;320
388;316
389;313
390;318
391;324
392;334
393;344
394;336
395;329
396;333
397;338
398;351
399;364
400;354
401;345
402;359
403;373
404;377
405;382
406;384
407;387
408;391
409;395
410;380
411;365
412;383
413;402
414;398
415;395
416;403
417;411
418;425
419;440
420;437
421;435
422;446
423;458
424;452
425;447
426;454
427;462
428;473
429;484
430;484
431;484
432;480
433;476
434;484
435;493
436;482
437;471
438;498
439;526
440;506
441;487
442;505
443;524
444;516
445;509
446;510
447;511
448;508
449;506
450;505
451;504
452;497
453;491
454;487
455;484
456;489
457;495
458;493
459;491
460;502
461;513
462;514
463;516
464;508
465;500
466;496
467;493
468;494
469;496
470;504
471;513
472;513
473;513
474;520
475;527
476;523
477;520
478;513
479;507
480;519
481;531
482;522
483;513
484;522
485;531
486;518
487;506
488;498
489;491
490;509
491;527
492;517
493;507
494;502
495;498
496;500
497;502
498;527
499;553
500;536
501;520
502;520
503;520
504;523
505;527
506;531
507;535
508;533
509;531
510;538
511;546
512;536
513;526
514;531
515;536
516;532
517;529
518;540
519;551
520;533
521;515
522;515
523;516
524;520
525;524
526;520
527;516
528;517
529;518
530;511
531;504
532;495
533;487
534;511
535;536
536;521
537;507
538;503
539;500
540;494
541;489
542;482
543;475
544;472
545;469
546;449
547;429
548;428
549;427
550;442
551;458
552;429
553;400
554;397
555;395
556;391
557;387
558;393
559;400
560;394
561;389
562;390
563;391
564;382
565;373
566;361
567;349
568;344
569;340
570;333
571;327
572;329
573;331
574;327
575;324
576;329
577;334
578;316
579;298
580;296
581;294
582;304
583;314
584;309
585;305
586;315
587;325
588;319
589;314
590;310
591;307
592;314
593;322
594;316
595;311
596;309
597;307
598;318
599;329
600;324
601;320
602;317
603;314
604;312
605;311
606;306
607;302
608;308
609;314
610;318
611;322
612;312
613;302
614;305
615;309
616;297
617;285
618;295
619;305
620;302
621;300
622;295
623;291
624;297
625;303
626;304
627;305
628;309
629;313
630;309
631;305
632;312
633;320
634;332
635;345
636;366
637;387
638;392
639;398
640;404
641;411
642;422
643;433
644;470
645;507
646;527
647;547
648;549
649;551
650;559
651;567
652;572
653;577
654;567
655;558
656;542
657;527
658;522
659;518
660;512
661;507
662;489
663;471
664;443
665;416
666;405
667;395
668;361
669;327
670;323
671;320
672;311
673;302
674;296
675;291
676;292
677;294
678;293
679;293
680;280
681;267
682;269
683;271
684;266
685;262
686;253
687;245
688;248
689;251
690;259
691;267
692;256
693;245
694;250
695;256
696;255
697;254
698;256
699;258
700;253
701;249
702;241
703;234
704;256
705;278
706;270
707;262
708;264
709;267
710;286
711;305
712;312
713;320
714;332
715;345
716;354
717;364
718;369
719;374
720;419
721;464
722;483
723;502
724;523
725;544
726;544
727;544
728;548
729;553
730;529
731;506
732;492
733;478
734;464
735;451
736;420
737;389
738;372
739;356
740;324
741;293
742;293
743;294
744;297
745;300
746;314
747;329
748;315
749;302
750;306
751;311
752;312
753;314
754;318
755;322
756;330
757;338
758;335
759;333
760;317
761;302
762;309
763;316
764;324
765;333
766;340
767;347
768;347
769;347
770;371
771;395
772;416
773;438
774;463
775;489
776;519
777;549
778;569
779;589
780;576
781;564
782;530
783;496
784;470
785;445
786;418
787;391
788;365
789;340
790;327
791;314
792;291
793;269
794;271
795;273
796;255
797;238
798;246
799;254
800;252
801;251
802;238
803;225
804;239
805;253
806;249
807;245
808;252
809;260
810;244
811;229
812;237
813;245
814;254
815;263
816;272
817;282
818;308
819;334
820;351
821;369
822;402
823;436
824;448
825;460
826;461
827;462
828;470
829;478
830;449
831;420
832;409
833;398
834;370
835;342
836;322
837;303
838;312
839;322
840;298
841;274
842;289
843;305
844;312
845;320
846;311
847;302
848;317
849;333
850;330
851;327
852;323
853;320
854;313
855;307
856;344
857;382
858;375
859;369
860;422
861;475
862;518
863;562
864;576
865;591
866;571
867;551
868;532
869;513
870;474
871;435
872;408
873;382
874;339
875;296
876;279
877;262
878;272
879;283
880;265
881;247
882;244
883;242
884;254
885;267
886;260
887;253
888;240
889;227
890;246
891;265
892;277
893;289
894;291
895;294
896;308
897;322
898;353
899;384
900;433
901;482
902;495
903;509
904;495
905;482
906;473
907;464
908;421
909;378
910;352
911;327
912;326
913;325
914;315
915;305
916;288
917;271
918;271
