# Strom: 2.69 A
# Magnetfeld: -285 mT
# Schnitt bei (722,485)
# Mittelung: 1 Pixel
# Magnetfeldsensor kalibriertPixel ; Red Value
1;750
2;742
3;733
4;756
5;778
6;796
7;814
8;883
9;953
10;1102
11;1252
12;1533
13;1814
14;1966
15;2117
16;2211
17;2306
18;2546
19;2787
20;2994
21;3200
22;3043
23;2886
24;2784
25;2682
26;2673
27;2664
28;2454
29;2244
30;1957
31;1670
32;1503
33;1336
34;1208
35;1080
36;997
37;915
38;877
39;839
40;802
41;765
42;768
43;772
44;762
45;753
46;771
47;790
48;797
49;803
50;857
51;911
52;1023
53;1134
54;1366
55;1598
56;1821
57;2044
58;2178
59;2311
60;2418
61;2525
62;2813
63;3101
64;3173
65;3245
66;3068
67;2890
68;2815
69;2740
70;2696
71;2652
72;2452
73;2252
74;1982
75;1711
76;1535
77;1359
78;1235
79;1111
80;1044
81;978
82;935
83;893
84;854
85;815
86;809
87;804
88;778
89;753
90;769
91;786
92;781
93;776
94;821
95;867
96;930
97;994
98;1117
99;1240
100;1461
101;1681
102;1926
103;2171
104;2256
105;2342
106;2450
107;2559
108;2827
109;3096
110;3251
111;3407
112;3279
113;3151
114;3015
115;2878
116;2854
117;2831
118;2719
119;2608
120;2344
121;2081
122;1838
123;1596
124;1471
125;1347
126;1255
127;1162
128;1074
129;987
130;940
131;894
132;870
133;846
134;816
135;785
136;786
137;787
138;778
139;769
140;784
141;798
142;827
143;856
144;881
145;907
146;995
147;1083
148;1257
149;1431
150;1656
151;1881
152;2079
153;2277
154;2345
155;2413
156;2510
157;2606
158;2889
159;3172
160;3362
161;3552
162;3462
163;3372
164;3214
165;3055
166;3011
167;2967
168;2933
169;2899
170;2707
171;2515
172;2251
173;1987
174;1794
175;1600
176;1475
177;1350
178;1239
179;1128
180;1070
181;1012
182;966
183;919
184;880
185;840
186;821
187;802
188;802
189;802
190;793
191;784
192;797
193;810
194;823
195;836
196;859
197;882
198;929
199;977
200;1045
201;1114
202;1259
203;1404
204;1643
205;1881
206;2080
207;2278
208;2351
209;2424
210;2520
211;2616
212;2764
213;2912
214;3172
215;3432
216;3548
217;3664
218;3541
219;3418
220;3269
221;3121
222;3077
223;3032
224;2992
225;2951
226;2814
227;2678
228;2471
229;2265
230;2058
231;1851
232;1671
233;1492
234;1384
235;1277
236;1216
237;1155
238;1073
239;990
240;965
241;940
242;924
243;907
244;869
245;831
246;818
247;806
248;810
249;815
250;825
251;835
252;822
253;808
254;842
255;876
256;877
257;878
258;941
259;1004
260;1060
261;1117
262;1249
263;1382
264;1553
265;1724
266;1941
267;2157
268;2309
269;2460
270;2518
271;2576
272;2635
273;2695
274;2863
275;3030
276;3268
277;3506
278;3643
279;3780
280;3717
281;3654
282;3489
283;3325
284;3243
285;3162
286;3145
287;3128
288;3091
289;3055
290;2888
291;2721
292;2550
293;2378
294;2172
295;1966
296;1784
297;1602
298;1493
299;1383
300;1305
301;1227
302;1163
303;1100
304;1044
305;989
306;964
307;939
308;910
309;882
310;878
311;873
312;857
313;840
314;851
315;862
316;852
317;842
318;850
319;857
320;864
321;870
322;873
323;876
324;892
325;908
326;924
327;940
328;991
329;1042
330;1126
331;1211
332;1305
333;1399
334;1581
335;1762
336;1944
337;2126
338;2284
339;2441
340;2542
341;2643
342;2681
343;2718
344;2796
345;2873
346;3032
347;3191
348;3382
349;3574
350;3754
351;3935
352;3894
353;3854
354;3769
355;3684
356;3539
357;3395
358;3358
359;3322
360;3302
361;3282
362;3235
363;3189
364;3124
365;3059
366;2926
367;2793
368;2564
369;2334
370;2171
371;2007
372;1876
373;1744
374;1632
375;1519
376;1444
377;1368
378;1324
379;1280
380;1228
381;1177
382;1123
383;1070
384;1053
385;1037
386;990
387;944
388;938
389;932
390;918
391;904
392;881
393;859
394;854
395;849
396;828
397;807
398;804
399;801
400;813
401;824
402;836
403;848
404;851
405;854
406;878
407;903
408;912
409;921
410;941
411;962
412;993
413;1023
414;1083
415;1142
416;1207
417;1272
418;1385
419;1499
420;1633
421;1767
422;1910
423;2054
424;2203
425;2353
426;2438
427;2524
428;2575
429;2626
430;2696
431;2766
432;2794
433;2823
434;2916
435;3010
436;3146
437;3282
438;3370
439;3457
440;3602
441;3747
442;3824
443;3901
444;3897
445;3893
446;3849
447;3804
448;3691
449;3578
450;3489
451;3400
452;3384
453;3369
454;3373
455;3377
456;3348
457;3319
458;3309
459;3300
460;3200
461;3099
462;2986
463;2873
464;2755
465;2638
466;2499
467;2359
468;2243
469;2126
470;2011
471;1896
472;1811
473;1727
474;1642
475;1558
476;1490
477;1423
478;1371
479;1320
480;1287
481;1254
482;1202
483;1151
484;1112
485;1074
486;1064
487;1054
488;1041
489;1028
490;1015
491;1002
492;1000
493;999
494;985
495;972
496;946
497;919
498;922
499;926
500;907
501;888
502;879
503;870
504;878
505;886
506;876
507;867
508;835
509;803
510;818
511;833
512;841
513;848
514;845
515;843
516;842
517;842
518;868
519;894
520;874
521;855
522;889
523;924
524;932
525;941
526;957
527;973
528;992
529;1011
530;1035
531;1060
532;1098
533;1137
534;1149
535;1162
536;1208
537;1254
538;1293
539;1332
540;1394
541;1457
542;1525
543;1594
544;1664
545;1734
546;1825
547;1917
548;1979
549;2041
550;2119
551;2197
552;2312
553;2427
554;2454
555;2480
556;2501
557;2522
558;2575
559;2628
560;2685
561;2742
562;2780
563;2819
564;2826
565;2833
566;2864
567;2895
568;2934
569;2974
570;3039
571;3105
572;3189
573;3274
574;3342
575;3409
576;3502
577;3595
578;3687
579;3778
580;3821
581;3864
582;3926
583;3989
584;4041
585;4094
586;4094
587;4095
588;4095
589;4095
590;4089
591;4083
592;4086
593;4089
594;4056
595;4024
596;3990
597;3956
598;3894
599;3833
600;3804
601;3775
602;3720
603;3666
604;3666
605;3667
606;3639
607;3611
608;3602
609;3593
610;3597
611;3601
612;3557
613;3514
614;3532
615;3549
616;3544
617;3539
618;3533
619;3527
620;3527
621;3526
622;3493
623;3460
624;3497
625;3534
626;3505
627;3476
628;3438
629;3399
630;3360
631;3321
632;3302
633;3284
634;3209
635;3135
636;3124
637;3113
638;3065
639;3017
640;2965
641;2914
642;2883
643;2853
644;2807
645;2762
646;2736
647;2710
648;2659
649;2608
650;2595
651;2583
652;2501
653;2419
654;2408
655;2397
656;2398
657;2400
658;2326
659;2253
660;2232
661;2211
662;2178
663;2145
664;2133
665;2121
666;2117
667;2113
668;2093
669;2074
670;2077
671;2080
672;2062
673;2043
674;2020
675;1998
676;1992
677;1987
678;1950
679;1913
680;1914
681;1914
682;1882
683;1851
684;1831
685;1811
686;1818
687;1825
688;1812
689;1799
690;1766
691;1734
692;1710
693;1686
694;1656
695;1627
696;1621
697;1616
698;1628
699;1641
700;1612
701;1584
702;1593
703;1602
704;1576
705;1549
706;1566
707;1584
708;1571
709;1559
710;1559
711;1559
712;1580
713;1601
714;1582
715;1564
716;1552
717;1541
718;1537
719;1533
720;1554
721;1576
722;1572
723;1568
724;1570
725;1572
726;1588
727;1605
728;1601
729;1598
730;1638
731;1679
732;1686
733;1693
734;1681
735;1668
736;1682
737;1697
738;1700
739;1703
740;1728
741;1754
742;1741
743;1729
744;1720
745;1711
746;1724
747;1738
748;1755
749;1773
750;1768
751;1763
752;1755
753;1747
754;1767
755;1788
756;1813
757;1839
758;1848
759;1858
760;1872
761;1886
762;1906
763;1925
764;1955
765;1985
766;1995
767;2005
768;2022
769;2039
770;2060
771;2082
772;2119
773;2156
774;2174
775;2193
776;2251
777;2310
778;2318
779;2326
780;2367
781;2409
782;2397
783;2385
784;2473
785;2562
786;2601
787;2640
788;2658
789;2676
790;2712
791;2749
792;2801
793;2854
794;2916
795;2979
796;3004
797;3030
798;3089
799;3149
800;3173
801;3198
802;3252
803;3306
804;3282
805;3258
806;3289
807;3320
808;3340
809;3361
810;3388
811;3416
812;3429
813;3443
814;3443
815;3443
816;3476
817;3509
818;3520
819;3532
820;3559
821;3586
822;3582
823;3578
824;3589
825;3600
826;3637
827;3674
828;3704
829;3735
830;3729
831;3723
832;3794
833;3866
834;3873
835;3880
836;3885
837;3890
838;3953
839;4017
840;4033
841;4049
842;4033
843;4017
844;4050
845;4083
846;4047
847;4011
848;4021
849;4030
850;4015
851;3999
852;3941
853;3884
854;3854
855;3824
856;3790
857;3756
858;3663
859;3570
860;3528
861;3487
862;3454
863;3421
864;3350
865;3278
866;3208
867;3138
868;3118
869;3097
870;3028
871;2958
872;2906
873;2854
874;2799
875;2745
876;2710
877;2674
878;2604
879;2535
880;2505
881;2476
882;2407
883;2339
884;2263
885;2187
886;2148
887;2108
888;2002
889;1895
890;1825
891;1756
892;1655
893;1555
894;1530
895;1505
896;1436
897;1368
898;1302
899;1235
900;1222
901;1209
902;1159
903;1110
904;1073
905;1037
906;1002
907;968
908;956
909;945
910;924
911;903
912;907
913;912
914;905
915;899
916;868
917;837
918;851
919;866
920;841
921;817
922;838
923;860
924;830
925;799
926;797
927;795
928;790
929;785
930;804
931;823
932;826
933;829
934;829
935;828
936;826
937;824
938;827
939;831
940;849
941;867
942;878
943;889
944;892
945;896
946;945
947;995
948;984
949;973
950;1007
951;1041
952;1066
953;1091
954;1139
955;1188
956;1259
957;1331
958;1365
959;1399
960;1497
961;1595
962;1691
963;1788
964;1929
965;2070
966;2180
967;2291
968;2409
969;2527
970;2613
971;2700
972;2853
973;3007
974;3106
975;3205
976;3280
977;3355
978;3378
979;3401
980;3495
981;3590
982;3662
983;3734
984;3805
985;3876
986;3926
987;3976
988;4002
989;4028
990;3991
991;3954
992;3951
993;3948
994;3904
995;3861
996;3774
997;3687
998;3611
999;3535
1000;3434
1001;3333
1002;3228
1003;3123
1004;3002
1005;2881
1006;2787
1007;2694
1008;2579
1009;2464
1010;2377
1011;2290
1012;2142
1013;1994
1014;1892
1015;1790
1016;1648
1017;1506
1018;1389
1019;1273
1020;1247
1021;1222
1022;1135
1023;1049
1024;1016
1025;984
1026;971
1027;959
1028;929
1029;900
1030;866
1031;832
1032;833
1033;834
1034;826
1035;818
1036;814
1037;809
1038;805
1039;802
1040;809
1041;817
1042;797
1043;777
1044;793
1045;809
1046;806
1047;804
1048;832
1049;861
1050;879
1051;898
1052;937
1053;976
1054;991
1055;1006
1056;1071
1057;1136
1058;1205
1059;1275
1060;1384
1061;1494
1062;1645
1063;1797
1064;1925
1065;2054
1066;2237
1067;2420
1068;2577
1069;2733
1070;2850
1071;2967
1072;3084
1073;3201
1074;3272
1075;3344
1076;3415
1077;3487
1078;3586
1079;3685
1080;3731
1081;3777
1082;3812
1083;3846
1084;3814
1085;3782
1086;3711
1087;3640
1088;3495
1089;3350
1090;3212
1091;3074
1092;2947
1093;2820
1094;2702
1095;2585
1096;2451
1097;2317
1098;2188
1099;2059
1100;1902
1101;1745
1102;1572
1103;1399
1104;1299
1105;1200
1106;1127
1107;1055
1108;1005
1109;954
1110;920
1111;886
1112;869
1113;853
1114;836
1115;818
1116;813
1117;809
1118;795
1119;781
1120;788
1121;796
1122;805
1123;815
1124;817
1125;820
1126;848
1127;877
1128;879
1129;881
1130;923
1131;965
1132;1003
1133;1041
1134;1106
1135;1172
1136;1268
1137;1364
1138;1503
1139;1641
1140;1807
1141;1972
1142;2206
1143;2441
1144;2608
1145;2776
1146;2934
1147;3091
1148;3176
1149;3262
1150;3350
1151;3439
1152;3536
1153;3633
1154;3680
1155;3728
1156;3762
1157;3796
1158;3675
1159;3554
1160;3460
1161;3365
1162;3220
1163;3075
1164;2925
1165;2776
1166;2633
1167;2489
1168;2317
1169;2146
1170;1942
1171;1739
1172;1596
1173;1454
1174;1338
1175;1222
1176;1135
1177;1048
1178;998
1179;949
1180;906
1181;862
1182;870
1183;878
1184;856
1185;835
1186;838
1187;841
1188;832
1189;823
1190;835
1191;847
1192;861
1193;876
1194;891
1195;907
1196;939
1197;971
1198;1032
1199;1092
1200;1170
1201;1249
1202;1386
1203;1523
1204;1704
1205;1886
1206;2083
1207;2281
1208;2506
1209;2731
1210;2910
1211;3089
1212;3173
1213;3257
1214;3373
1215;3489
1216;3558
1217;3628
1218;3681
1219;3734
1220;3654
1221;3573
1222;3442
1223;3311
1224;3113
1225;2915
1226;2759
1227;2604
1228;2437
1229;2270
1230;2088
1231;1907
1232;1701
1233;1496
1234;1336
1235;1176
1236;1094
1237;1013
1238;952
1239;892
1240;867
1241;841
1242;818
1243;796
1244;817
1245;839
1246;834
1247;829
1248;818
1249;808
1250;818
1251;829
1252;856
1253;884
1254;913
1255;942
1256;1011
1257;1080
1258;1185
1259;1290
1260;1425
1261;1561
1262;1783
1263;2006
1264;2294
1265;2581
1266;2751
1267;2922
1268;3003
1269;3085
1270;3196
1271;3307
1272;3436
1273;3565
1274;3553
1275;3541
1276;3446
1277;3351
1278;3160
1279;2968
1280;2809
1281;2650
1282;2471
1283;2292
1284;2122
1285;1951
1286;1713
1287;1476
1288;1301
1289;1126
1290;1038
1291;949
1292;887
1293;825
1294;809
1295;793
1296;779
1297;766
1298;756
1299;747
1300;774
1301;801
1302;799
1303;797
1304;799
1305;802
1306;860
1307;918
1308;975
1309;1033
1310;1148
1311;1262
1312;1418
1313;1575
1314;1836
1315;2098
1316;2356
1317;2613
1318;2761
1319;2908
1320;3030
1321;3152
1322;3241
1323;3329
1324;3414
1325;3499
1326;3378
1327;3257
1328;3144
1329;3031
1330;2800
1331;2568
1332;2416
1333;2264
1334;2049
1335;1834
1336;1593
1337;1352
1338;1180
1339;1009
1340;934
1341;859
1342;825
1343;791
1344;782
1345;773
1346;765
1347;757
1348;762
1349;768
1350;780
1351;793
1352;804
1353;816
1354;857
1355;898
1356;978
1357;1057
1358;1177
1359;1298
1360;1504
1361;1711
1362;2011
1363;2312
1364;2527
1365;2743
1366;2876
1367;3009
1368;3009
