# Strom: 3.57 A
# Magnetfeld: -366 mT
# Schnitt bei (722,485)
# Mittelung: 1 Pixel
# Magnetfeldsensor kalibriertPixel ; Red Value
1;795
2;803
3;812
4;843
5;874
6;904
7;933
8;1101
9;1269
10;1492
11;1715
12;1835
13;1955
14;1958
15;1961
16;1996
17;2031
18;2318
19;2606
20;2779
21;2952
22;2797
23;2642
24;2425
25;2208
26;2212
27;2217
28;2246
29;2275
30;2178
31;2081
32;1845
33;1609
34;1407
35;1205
36;1107
37;1008
38;945
39;881
40;862
41;844
42;822
43;800
44;802
45;804
46;810
47;816
48;857
49;899
50;1012
51;1125
52;1366
53;1607
54;1794
55;1981
56;2007
57;2034
58;1981
59;1928
60;2105
61;2283
62;2576
63;2869
64;2938
65;3007
66;2775
67;2544
68;2419
69;2295
70;2279
71;2263
72;2300
73;2338
74;2210
75;2082
76;1875
77;1668
78;1498
79;1329
80;1205
81;1081
82;1012
83;944
84;912
85;880
86;872
87;864
88;847
89;831
90;825
91;819
92;853
93;888
94;947
95;1006
96;1116
97;1226
98;1495
99;1765
100;1907
101;2049
102;2059
103;2069
104;2070
105;2071
106;2187
107;2302
108;2607
109;2912
110;3038
111;3164
112;2968
113;2772
114;2608
115;2444
116;2357
117;2270
118;2318
119;2367
120;2407
121;2448
122;2242
123;2036
124;1843
125;1649
126;1464
127;1279
128;1192
129;1106
130;1035
131;965
132;945
133;925
134;886
135;847
136;830
137;813
138;830
139;847
140;862
141;878
142;926
143;975
144;1056
145;1138
146;1310
147;1482
148;1693
149;1904
150;2029
151;2154
152;2128
153;2103
154;2125
155;2146
156;2225
157;2304
158;2627
159;2951
160;3136
161;3322
162;3182
163;3041
164;2813
165;2586
166;2495
167;2404
168;2428
169;2452
170;2473
171;2493
172;2464
173;2436
174;2204
175;1973
176;1765
177;1558
178;1440
179;1322
180;1211
181;1101
182;1055
183;1009
184;979
185;948
186;901
187;854
188;852
189;851
190;850
191;850
192;858
193;866
194;888
195;910
196;947
197;985
198;1092
199;1199
200;1376
201;1553
202;1767
203;1982
204;2100
205;2219
206;2220
207;2221
208;2179
209;2138
210;2215
211;2293
212;2486
213;2679
214;2947
215;3215
216;3291
217;3368
218;3215
219;3062
220;2861
221;2661
222;2566
223;2472
224;2456
225;2440
226;2509
227;2579
228;2593
229;2608
230;2397
231;2186
232;1999
233;1811
234;1672
235;1534
236;1423
237;1313
238;1219
239;1125
240;1069
241;1013
242;986
243;958
244;934
245;910
246;876
247;841
248;850
249;858
250;858
251;858
252;861
253;864
254;905
255;947
256;990
257;1033
258;1136
259;1240
260;1395
261;1551
262;1712
263;1874
264;2072
265;2269
266;2289
267;2308
268;2267
269;2226
270;2227
271;2228
272;2299
273;2371
274;2569
275;2768
276;3003
277;3239
278;3362
279;3486
280;3402
281;3318
282;3131
283;2944
284;2797
285;2650
286;2584
287;2518
288;2560
289;2603
290;2644
291;2685
292;2698
293;2711
294;2560
295;2409
296;2204
297;1999
298;1830
299;1660
300;1548
301;1437
302;1358
303;1280
304;1202
305;1125
306;1074
307;1023
308;995
309;967
310;946
311;926
312;901
313;877
314;887
315;898
316;900
317;903
318;894
319;886
320;911
321;936
322;955
323;975
324;1019
325;1064
326;1102
327;1140
328;1240
329;1341
330;1524
331;1708
332;1854
333;2001
334;2128
335;2254
336;2323
337;2391
338;2345
339;2299
340;2316
341;2334
342;2352
343;2370
344;2443
345;2516
346;2692
347;2868
348;3057
349;3247
350;3419
351;3591
352;3614
353;3638
354;3482
355;3326
356;3144
357;2963
358;2844
359;2725
360;2669
361;2612
362;2610
363;2608
364;2653
365;2699
366;2764
367;2830
368;2777
369;2724
370;2608
371;2492
372;2336
373;2180
374;2052
375;1925
376;1806
377;1687
378;1569
379;1451
380;1395
381;1340
382;1289
383;1237
384;1183
385;1129
386;1096
387;1062
388;1038
389;1014
390;973
391;931
392;925
393;919
394;910
395;900
396;883
397;867
398;864
399;861
400;876
401;891
402;893
403;895
404;914
405;933
406;971
407;1008
408;1038
409;1068
410;1131
411;1195
412;1268
413;1341
414;1457
415;1574
416;1711
417;1849
418;1969
419;2089
420;2202
421;2315
422;2350
423;2386
424;2394
425;2402
426;2403
427;2404
428;2419
429;2434
430;2432
431;2430
432;2459
433;2488
434;2577
435;2665
436;2811
437;2956
438;3125
439;3293
440;3426
441;3558
442;3594
443;3630
444;3596
445;3562
446;3501
447;3440
448;3304
449;3168
450;3064
451;2961
452;2895
453;2829
454;2781
455;2733
456;2727
457;2721
458;2698
459;2676
460;2747
461;2817
462;2803
463;2790
464;2783
465;2777
466;2754
467;2731
468;2644
469;2558
470;2462
471;2367
472;2281
473;2194
474;2051
475;1909
476;1823
477;1738
478;1665
479;1593
480;1540
481;1487
482;1425
483;1364
484;1319
485;1274
486;1243
487;1212
488;1168
489;1124
490;1108
491;1093
492;1082
493;1071
494;1030
495;988
496;981
497;975
498;966
499;957
500;959
501;960
502;938
503;917
504;924
505;932
506;904
507;877
508;889
509;902
510;877
511;853
512;870
513;887
514;900
515;913
516;925
517;938
518;927
519;916
520;929
521;943
522;980
523;1018
524;1036
525;1055
526;1097
527;1140
528;1174
529;1209
530;1258
531;1307
532;1365
533;1424
534;1490
535;1557
536;1653
537;1749
538;1808
539;1867
540;1967
541;2066
542;2117
543;2167
544;2241
545;2316
546;2356
547;2396
548;2414
549;2432
550;2453
551;2475
552;2473
553;2472
554;2480
555;2489
556;2476
557;2464
558;2466
559;2468
560;2469
561;2470
562;2512
563;2553
564;2547
565;2540
566;2572
567;2603
568;2653
569;2703
570;2724
571;2745
572;2840
573;2935
574;2999
575;3064
576;3153
577;3243
578;3321
579;3399
580;3488
581;3578
582;3627
583;3676
584;3704
585;3733
586;3775
587;3818
588;3789
589;3760
590;3790
591;3819
592;3801
593;3783
594;3717
595;3652
596;3606
597;3561
598;3502
599;3443
600;3402
601;3360
602;3320
603;3280
604;3212
605;3145
606;3113
607;3081
608;3052
609;3023
610;2972
611;2922
612;2920
613;2918
614;2901
615;2885
616;2885
617;2884
618;2854
619;2824
620;2840
621;2856
622;2895
623;2934
624;2934
625;2934
626;2938
627;2943
628;2933
629;2923
630;2916
631;2910
632;2929
633;2948
634;2968
635;2988
636;2987
637;2986
638;2970
639;2953
640;2967
641;2982
642;2968
643;2955
644;2938
645;2922
646;2932
647;2942
648;2898
649;2855
650;2843
651;2832
652;2821
653;2811
654;2782
655;2753
656;2753
657;2753
658;2747
659;2741
660;2705
661;2670
662;2638
663;2606
664;2588
665;2571
666;2567
667;2562
668;2534
669;2506
670;2486
671;2467
672;2467
673;2467
674;2422
675;2377
676;2394
677;2412
678;2405
679;2398
680;2363
681;2329
682;2317
683;2305
684;2245
685;2184
686;2198
687;2212
688;2180
689;2148
690;2158
691;2167
692;2139
693;2111
694;2096
695;2081
696;2065
697;2050
698;2047
699;2044
700;2022
701;2001
702;1995
703;1989
704;1974
705;1960
706;1950
707;1940
708;1943
709;1946
710;1950
711;1955
712;1951
713;1948
714;1948
715;1948
716;1947
717;1947
718;1992
719;2036
720;2018
721;1999
722;1965
723;1932
724;1977
725;2022
726;2020
727;2018
728;2042
729;2067
730;2047
731;2026
732;2056
733;2085
734;2080
735;2075
736;2091
737;2107
738;2150
739;2193
740;2159
741;2126
742;2152
743;2178
744;2176
745;2174
746;2158
747;2143
748;2176
749;2209
750;2226
751;2243
752;2250
753;2258
754;2273
755;2288
756;2300
757;2312
758;2313
759;2313
760;2335
761;2357
762;2379
763;2401
764;2396
765;2390
766;2433
767;2477
768;2500
769;2523
770;2555
771;2588
772;2568
773;2549
774;2590
775;2631
776;2638
777;2645
778;2649
779;2653
780;2692
781;2732
782;2752
783;2773
784;2792
785;2811
786;2822
787;2834
788;2842
789;2849
790;2881
791;2913
792;2880
793;2847
794;2859
795;2872
796;2865
797;2859
798;2890
799;2922
800;2895
801;2869
802;2913
803;2958
804;2909
805;2861
806;2869
807;2878
808;2834
809;2790
810;2801
811;2813
812;2809
813;2806
814;2836
815;2865
816;2875
817;2885
818;2902
819;2918
820;2913
821;2908
822;2964
823;3020
824;3017
825;3014
826;3084
827;3155
828;3184
829;3213
830;3229
831;3245
832;3309
833;3372
834;3391
835;3410
836;3440
837;3471
838;3514
839;3557
840;3574
841;3591
842;3631
843;3671
844;3666
845;3662
846;3666
847;3671
848;3653
849;3635
850;3614
851;3593
852;3536
853;3480
854;3440
855;3401
856;3330
857;3259
858;3239
859;3219
860;3171
861;3124
862;3070
863;3017
864;2954
865;2891
866;2869
867;2847
868;2793
869;2739
870;2716
871;2694
872;2673
873;2653
874;2632
875;2611
876;2597
877;2583
878;2591
879;2599
880;2599
881;2600
882;2559
883;2518
884;2498
885;2479
886;2409
887;2339
888;2325
889;2312
890;2249
891;2187
892;2131
893;2076
894;2010
895;1943
896;1872
897;1801
898;1744
899;1687
900;1635
901;1582
902;1525
903;1468
904;1388
905;1307
906;1245
907;1183
908;1147
909;1112
910;1062
911;1013
912;1011
913;1010
914;977
915;944
916;941
917;938
918;930
919;923
920;895
921;868
922;864
923;860
924;861
925;863
926;847
927;832
928;829
929;826
930;829
931;833
932;855
933;877
934;874
935;871
936;882
937;893
938;912
939;932
940;927
941;921
942;928
943;935
944;964
945;994
946;1024
947;1054
948;1095
949;1135
950;1180
951;1224
952;1263
953;1302
954;1382
955;1463
956;1570
957;1678
958;1760
959;1843
960;1961
961;2079
962;2194
963;2310
964;2402
965;2495
966;2583
967;2671
968;2724
969;2777
970;2811
971;2845
972;2858
973;2871
974;2835
975;2799
976;2809
977;2819
978;2843
979;2866
980;2890
981;2913
982;3001
983;3090
984;3222
985;3354
986;3424
987;3494
988;3589
989;3684
990;3658
991;3632
992;3604
993;3577
994;3520
995;3463
996;3393
997;3322
998;3212
999;3102
1000;2989
1001;2876
1002;2825
1003;2774
1004;2705
1005;2637
1006;2623
1007;2609
1008;2561
1009;2513
1010;2484
1011;2455
1012;2391
1013;2327
1014;2263
1015;2200
1016;2109
1017;2019
1018;1917
1019;1816
1020;1730
1021;1645
1022;1509
1023;1374
1024;1284
1025;1195
1026;1142
1027;1090
1028;1032
1029;975
1030;953
1031;931
1032;921
1033;912
1034;891
1035;871
1036;856
1037;841
1038;836
1039;830
1040;833
1041;836
1042;838
1043;840
1044;857
1045;874
1046;886
1047;898
1048;923
1049;948
1050;992
1051;1036
1052;1059
1053;1083
1054;1154
1055;1225
1056;1318
1057;1410
1058;1540
1059;1670
1060;1803
1061;1935
1062;2079
1063;2222
1064;2329
1065;2437
1066;2561
1067;2685
1068;2680
1069;2674
1070;2688
1071;2701
1072;2694
1073;2688
1074;2725
1075;2762
1076;2860
1077;2959
1078;3057
1079;3155
1080;3306
1081;3457
1082;3490
1083;3523
1084;3524
1085;3524
1086;3386
1087;3248
1088;3131
1089;3014
1090;2908
1091;2802
1092;2660
1093;2519
1094;2537
1095;2556
1096;2485
1097;2415
1098;2354
1099;2293
1100;2224
1101;2156
1102;2019
1103;1882
1104;1764
1105;1646
1106;1517
1107;1388
1108;1273
1109;1157
1110;1089
1111;1022
1112;962
1113;903
1114;884
1115;866
1116;854
1117;843
1118;840
1119;837
1120;839
1121;842
1122;851
1123;860
1124;879
1125;899
1126;907
1127;915
1128;959
1129;1004
1130;1042
1131;1081
1132;1158
1133;1236
1134;1344
1135;1453
1136;1600
1137;1747
1138;1919
1139;2092
1140;2265
1141;2438
1142;2564
1143;2690
1144;2690
1145;2690
1146;2665
1147;2641
1148;2657
1149;2672
1150;2784
1151;2897
1152;3002
1153;3108
1154;3261
1155;3414
1156;3420
1157;3426
1158;3353
1159;3280
1160;3132
1161;2984
1162;2819
1163;2655
1164;2591
1165;2528
1166;2471
1167;2415
1168;2362
1169;2309
1170;2243
1171;2177
1172;2039
1173;1901
1174;1742
1175;1584
1176;1444
1177;1305
1178;1199
1179;1093
1180;1020
1181;947
1182;928
1183;909
1184;906
1185;902
1186;882
1187;861
1188;874
1189;888
1190;878
1191;869
1192;896
1193;924
1194;960
1195;996
1196;1043
1197;1091
1198;1189
1199;1286
1200;1406
1201;1526
1202;1720
1203;1914
1204;2098
1205;2283
1206;2441
1207;2599
1208;2653
1209;2708
1210;2664
1211;2620
1212;2637
1213;2655
1214;2774
1215;2893
1216;3090
1217;3288
1218;3353
1219;3419
1220;3299
1221;3178
1222;3053
1223;2927
1224;2736
1225;2546
1226;2452
1227;2358
1228;2354
1229;2349
1230;2275
1231;2202
1232;2068
1233;1934
1234;1795
1235;1656
1236;1474
1237;1293
1238;1170
1239;1047
1240;1014
1241;980
1242;945
1243;910
1244;872
1245;835
1246;840
1247;845
1248;848
1249;851
1250;868
1251;885
1252;915
1253;946
1254;1007
1255;1069
1256;1176
1257;1283
1258;1459
1259;1635
1260;1840
1261;2045
1262;2254
1263;2464
1264;2497
1265;2531
1266;2528
1267;2524
1268;2530
1269;2536
1270;2674
1271;2812
1272;3008
1273;3204
1274;3225
1275;3247
1276;3134
1277;3022
1278;2797
1279;2571
1280;2475
1281;2379
1282;2303
1283;2226
1284;2183
1285;2141
1286;2016
1287;1892
1288;1706
1289;1521
1290;1350
1291;1180
1292;1070
1293;960
1294;917
1295;874
1296;834
1297;794
1298;784
1299;774
1300;788
1301;802
1302;811
1303;819
1304;862
1305;906
1306;952
1307;998
1308;1108
1309;1218
1310;1403
1311;1588
1312;1825
1313;2062
1314;2278
1315;2494
1316;2503
1317;2512
1318;2476
1319;2441
1320;2526
1321;2612
1322;2804
1323;2997
1324;3090
1325;3184
1326;3083
1327;2983
1328;2812
1329;2641
1330;2455
1331;2269
1332;2226
1333;2184
1334;2116
1335;2049
1336;1932
1337;1815
1338;1613
1339;1411
1340;1238
1341;1065
1342;961
1343;856
1344;835
1345;815
1346;791
1347;768
1348;791
1349;813
1350;805
1351;798
1352;850
1353;903
1354;968
1355;1033
1356;1138
1357;1243
1358;1431
1359;1618
1360;1876
1361;2135
1362;2306
1363;2477
1364;2475
1365;2473
1366;2467
1367;2462
1368;2462
