# Strom: 0.01 A
# Magnetfeld: -8 mT
# Schnitt bei (722,485)
# Mittelung: 1 Pixel
# Magnetfeldsensor kalibriertPixel ; Red Value
1;760
2;726
3;693
4;650
5;607
6;596
7;586
8;569
9;553
10;525
11;498
12;509
13;520
14;499
15;478
16;475
17;473
18;471
19;469
20;470
21;471
22;462
23;453
24;463
25;473
26;476
27;480
28;487
29;495
30;506
31;518
32;538
33;558
34;576
35;595
36;599
37;604
38;675
39;746
40;871
41;997
42;1130
43;1263
44;1538
45;1813
46;2034
47;2255
48;2348
49;2441
50;2433
51;2426
52;2240
53;2055
54;1912
55;1769
56;1559
57;1350
58;1239
59;1128
60;1029
61;930
62;892
63;855
64;797
65;740
66;711
67;682
68;659
69;637
70;601
71;566
72;561
73;557
74;527
75;498
76;521
77;544
78;513
79;482
80;497
81;513
82;501
83;489
84;486
85;484
86;497
87;511
88;492
89;473
90;482
91;491
92;503
93;515
94;516
95;518
96;530
97;542
98;556
99;571
100;581
101;591
102;586
103;582
104;612
105;642
106;656
107;671
108;720
109;769
110;825
111;881
112;982
113;1083
114;1245
115;1408
116;1605
117;1802
118;2080
119;2359
120;2501
121;2644
122;2667
123;2690
124;2590
125;2490
126;2355
127;2220
128;2019
129;1818
130;1689
131;1561
132;1428
133;1296
134;1233
135;1170
136;1075
137;981
138;932
139;884
140;844
141;804
142;794
143;784
144;730
145;677
146;687
147;697
148;656
149;615
150;617
151;620
152;585
153;551
154;560
155;569
156;572
157;575
158;578
159;582
160;574
161;567
162;551
163;536
164;531
165;526
166;517
167;509
168;507
169;506
170;532
171;558
172;545
173;533
174;528
175;524
176;517
177;511
178;526
179;542
180;538
181;535
182;541
183;547
184;549
185;551
186;570
187;589
188;599
189;609
190;634
191;660
192;663
193;666
194;694
195;722
196;755
197;788
198;832
199;877
200;944
201;1012
202;1123
203;1234
204;1401
205;1569
206;1758
207;1947
208;2097
209;2248
210;2419
211;2590
212;2682
213;2774
214;2822
215;2870
216;2868
217;2866
218;2734
219;2603
220;2480
221;2357
222;2232
223;2107
224;2003
225;1900
226;1797
227;1694
228;1556
229;1419
230;1362
231;1306
232;1222
233;1139
234;1077
235;1015
236;988
237;962
238;916
239;871
240;842
241;813
242;762
243;711
244;716
245;722
246;676
247;631
248;624
249;617
250;620
251;624
252;591
253;558
254;573
255;589
256;583
257;578
258;562
259;546
260;553
261;560
262;534
263;509
264;504
265;500
266;517
267;535
268;519
269;504
270;495
271;486
272;504
273;522
274;511
275;500
276;499
277;498
278;506
279;515
280;513
281;511
282;523
283;536
284;520
285;504
286;523
287;542
288;549
289;557
290;561
291;566
292;592
293;618
294;592
295;566
296;566
297;567
298;561
299;555
300;576
301;598
302;602
303;607
304;612
305;617
306;627
307;637
308;640
309;644
310;647
311;651
312;651
313;651
314;670
315;689
316;683
317;677
318;688
319;700
320;701
321;702
322;719
323;737
324;768
325;800
326;797
327;795
328;831
329;868
330;885
331;902
332;927
333;953
334;1018
335;1084
336;1094
337;1104
338;1170
339;1237
340;1351
341;1465
342;1491
343;1518
344;1629
345;1740
346;1827
347;1914
348;2062
349;2211
350;2307
351;2404
352;2502
353;2601
354;2669
355;2737
356;2867
357;2998
358;2997
359;2996
360;3081
361;3167
362;3193
363;3220
364;3180
365;3140
366;3171
367;3203
368;3207
369;3212
370;3151
371;3090
372;3079
373;3069
374;2996
375;2923
376;2850
377;2777
378;2715
379;2654
380;2595
381;2537
382;2475
383;2413
384;2370
385;2328
386;2231
387;2135
388;2100
389;2066
390;2025
391;1984
392;1917
393;1851
394;1801
395;1751
396;1703
397;1656
398;1634
399;1612
400;1555
401;1499
402;1480
403;1461
404;1396
405;1332
406;1312
407;1292
408;1253
409;1215
410;1178
411;1141
412;1122
413;1103
414;1086
415;1070
416;1068
417;1066
418;1040
419;1015
420;992
421;970
422;959
423;948
424;929
425;911
426;906
427;902
428;894
429;886
430;858
431;830
432;855
433;881
434;850
435;820
436;801
437;782
438;796
439;811
440;780
441;749
442;774
443;800
444;786
445;773
446;780
447;788
448;792
449;797
450;786
451;775
452;773
453;771
454;790
455;810
456;785
457;760
458;789
459;819
460;796
461;773
462;776
463;780
464;784
465;788
466;758
467;729
468;751
469;773
470;760
471;748
472;731
473;715
474;708
475;702
476;710
477;719
478;697
479;675
480;679
481;684
482;680
483;677
484;694
485;711
486;706
487;702
488;705
489;708
490;700
491;693
492;706
493;720
494;713
495;706
496;717
497;729
498;736
499;744
500;754
501;764
502;722
503;680
504;698
505;717
506;713
507;709
508;734
509;760
510;758
511;757
512;778
513;800
514;787
515;775
516;749
517;724
518;749
519;775
520;786
521;797
522;813
523;830
524;821
525;813
526;827
527;842
528;838
529;835
530;858
531;882
532;881
533;881
534;906
535;932
536;939
537;946
538;936
539;926
540;945
541;964
542;1001
543;1039
544;1024
545;1010
546;1062
547;1114
548;1114
549;1114
550;1130
551;1146
552;1183
553;1221
554;1242
555;1263
556;1248
557;1234
558;1295
559;1356
560;1326
561;1296
562;1329
563;1363
564;1407
565;1452
566;1455
567;1458
568;1507
569;1556
570;1556
571;1556
572;1599
573;1643
574;1672
575;1701
576;1778
577;1856
578;1912
579;1969
580;1989
581;2009
582;2028
583;2047
584;2122
585;2197
586;2241
587;2286
588;2371
589;2457
590;2497
591;2537
592;2571
593;2606
594;2649
595;2692
596;2791
597;2890
598;2929
599;2968
600;2986
601;3005
602;3041
603;3078
604;3052
605;3027
606;3044
607;3061
608;3035
609;3010
610;2987
611;2965
612;2892
613;2819
614;2721
615;2624
616;2586
617;2548
618;2424
619;2300
620;2206
621;2113
622;2035
623;1958
624;1806
625;1654
626;1614
627;1574
628;1489
629;1405
630;1311
631;1217
632;1156
633;1095
634;1054
635;1013
636;951
637;890
638;846
639;802
640;796
641;791
642;765
643;739
644;730
645;722
646;690
647;658
648;652
649;646
650;647
651;649
652;617
653;586
654;577
655;569
656;567
657;566
658;582
659;598
660;578
661;558
662;560
663;562
664;549
665;536
666;541
667;546
668;536
669;527
670;531
671;535
672;526
673;518
674;526
675;535
676;533
677;531
678;523
679;516
680;521
681;527
682;523
683;520
684;511
685;502
686;527
687;553
688;555
689;557
690;563
691;569
692;567
693;566
694;546
695;527
696;529
697;531
698;518
699;506
700;501
701;496
702;489
703;482
704;518
705;555
706;554
707;553
708;538
709;524
710;544
711;564
712;554
713;544
714;564
715;584
716;597
717;611
718;629
719;648
720;643
721;638
722;663
723;688
724;716
725;744
726;759
727;775
728;813
729;851
730;880
731;910
732;936
733;962
734;1003
735;1044
736;1096
737;1148
738;1224
739;1301
740;1388
741;1476
742;1598
743;1720
744;1816
745;1913
746;2027
747;2142
748;2306
749;2470
750;2565
751;2661
752;2780
753;2899
754;3024
755;3149
756;3108
757;3067
758;2943
759;2819
760;2684
761;2550
762;2308
763;2066
764;1845
765;1625
766;1416
767;1208
768;1110
769;1012
770;958
771;904
772;830
773;757
774;729
775;702
776;678
777;655
778;623
779;591
780;602
781;613
782;595
783;577
784;560
785;544
786;539
787;535
788;532
789;529
790;534
791;540
792;546
793;553
794;531
795;509
796;530
797;551
798;534
799;518
800;504
801;491
802;501
803;511
804;503
805;496
806;516
807;536
808;527
809;518
810;524
811;531
812;535
813;540
814;544
815;549
816;580
817;611
818;622
819;633
820;645
821;657
822;695
823;733
824;738
825;744
826;797
827;850
828;868
829;886
830;961
831;1037
832;1090
833;1144
834;1221
835;1299
836;1386
837;1474
838;1632
839;1791
840;1962
841;2133
842;2316
843;2499
844;2745
845;2992
846;3177
847;3363
848;3404
849;3445
850;3277
851;3109
852;2809
853;2510
854;2186
855;1862
856;1606
857;1350
858;1198
859;1046
860;935
861;824
862;790
863;757
864;729
865;702
866;663
867;624
868;605
869;586
870;559
871;533
872;545
873;557
874;554
875;551
876;543
877;535
878;537
879;540
880;531
881;522
882;520
883;518
884;529
885;540
886;537
887;535
888;537
889;540
890;543
891;546
892;565
893;584
894;572
895;560
896;576
897;593
898;613
899;633
900;657
901;682
902;697
903;713
904;753
905;793
906;845
907;897
908;945
909;993
910;1040
911;1088
912;1217
913;1347
914;1504
915;1661
916;1847
917;2033
918;2033
