# Strom: 4.39 A
# Magnetfeld: -436 mT
# Schnitt bei (722,485)
# Mittelung: 1 Pixel
# Magnetfeldsensor kalibriertPixel ; Red Value
1;979
2;988
3;997
4;1027
5;1058
6;1249
7;1440
8;1685
9;1930
10;2053
11;2176
12;2098
13;2020
14;1971
15;1923
16;2001
17;2078
18;2467
19;2855
20;3050
21;3245
22;3045
23;2846
24;2535
25;2225
26;2149
27;2073
28;2169
29;2266
30;2390
31;2513
32;2400
33;2287
34;2015
35;1744
36;1559
37;1373
38;1249
39;1124
40;1090
41;1056
42;1029
43;1003
44;984
45;964
46;1025
47;1085
48;1190
49;1295
50;1559
51;1823
52;2013
53;2203
54;2146
55;2088
56;2036
57;1984
58;1971
59;1958
60;2177
61;2396
62;2776
63;3156
64;3234
65;3313
66;3052
67;2791
68;2569
69;2347
70;2224
71;2101
72;2191
73;2281
74;2418
75;2556
76;2448
77;2339
78;2114
79;1890
80;1684
81;1478
82;1360
83;1243
84;1164
85;1086
86;1062
87;1039
88;1011
89;984
90;1009
91;1035
92;1102
93;1169
94;1321
95;1473
96;1754
97;2036
98;2146
99;2257
100;2231
101;2205
102;2120
103;2034
104;2057
105;2081
106;2263
107;2445
108;2792
109;3140
110;3314
111;3487
112;3268
113;3048
114;2796
115;2544
116;2367
117;2190
118;2186
119;2183
120;2326
121;2469
122;2542
123;2615
124;2476
125;2337
126;2087
127;1837
128;1658
129;1479
130;1359
131;1239
132;1177
133;1116
134;1100
135;1084
136;1050
137;1017
138;1041
139;1065
140;1102
141;1139
142;1260
143;1381
144;1574
145;1768
146;1983
147;2198
148;2289
149;2380
150;2305
151;2229
152;2204
153;2178
154;2149
155;2120
156;2316
157;2513
158;2842
159;3172
160;3389
161;3605
162;3453
163;3301
164;3032
165;2763
166;2582
167;2400
168;2316
169;2232
170;2298
171;2363
172;2499
173;2635
174;2654
175;2673
176;2502
177;2331
178;2072
179;1813
180;1679
181;1546
182;1441
183;1337
184;1274
185;1212
186;1144
187;1076
188;1074
189;1072
190;1039
191;1006
192;1045
193;1085
194;1166
195;1246
196;1353
197;1460
198;1691
199;1923
200;2115
201;2308
202;2357
203;2407
204;2360
205;2313
206;2219
207;2126
208;2142
209;2158
210;2231
211;2305
212;2565
213;2826
214;3175
215;3524
216;3599
217;3674
218;3496
219;3319
220;3060
221;2802
222;2609
223;2417
224;2361
225;2305
226;2345
227;2385
228;2501
229;2616
230;2728
231;2840
232;2705
233;2570
234;2393
235;2216
236;1991
237;1767
238;1632
239;1497
240;1433
241;1370
242;1305
243;1241
244;1181
245;1122
246;1089
247;1057
248;1057
249;1057
250;1054
251;1052
252;1083
253;1115
254;1204
255;1293
256;1432
257;1570
258;1757
259;1943
260;2152
261;2361
262;2449
263;2537
264;2491
265;2445
266;2378
267;2311
268;2266
269;2222
270;2216
271;2211
272;2354
273;2497
274;2719
275;2941
276;3262
277;3584
278;3708
279;3833
280;3690
281;3547
282;3320
283;3093
284;2887
285;2681
286;2552
287;2423
288;2382
289;2341
290;2400
291;2458
292;2571
293;2685
294;2796
295;2908
296;2843
297;2779
298;2595
299;2411
300;2256
301;2102
302;1918
303;1734
304;1629
305;1525
306;1458
307;1391
308;1319
309;1247
310;1220
311;1193
312;1153
313;1114
314;1112
315;1111
316;1103
317;1095
318;1117
319;1139
320;1174
321;1210
322;1262
323;1314
324;1431
325;1549
326;1689
327;1830
328;2014
329;2198
330;2332
331;2467
332;2516
333;2565
334;2535
335;2506
336;2435
337;2364
338;2357
339;2350
340;2337
341;2324
342;2343
343;2363
344;2505
345;2648
346;2883
347;3118
348;3346
349;3574
350;3728
351;3882
352;3895
353;3908
354;3774
355;3640
356;3427
357;3214
358;3010
359;2807
360;2690
361;2573
362;2505
363;2437
364;2446
365;2456
366;2545
367;2635
368;2726
369;2818
370;2898
371;2979
372;2963
373;2946
374;2833
375;2720
376;2578
377;2437
378;2244
379;2051
380;1950
381;1849
382;1748
383;1647
384;1575
385;1504
386;1418
387;1333
388;1293
389;1254
390;1232
391;1210
392;1184
393;1159
394;1120
395;1082
396;1093
397;1103
398;1095
399;1087
400;1112
401;1137
402;1159
403;1181
404;1227
405;1274
406;1325
407;1376
408;1474
409;1573
410;1703
411;1834
412;1992
413;2149
414;2291
415;2434
416;2492
417;2551
418;2597
419;2644
420;2624
421;2605
422;2545
423;2485
424;2459
425;2433
426;2412
427;2390
428;2377
429;2364
430;2359
431;2355
432;2446
433;2537
434;2669
435;2801
436;2983
437;3165
438;3331
439;3497
440;3676
441;3856
442;3899
443;3942
444;3933
445;3924
446;3854
447;3785
448;3576
449;3368
450;3263
451;3158
452;3041
453;2925
454;2830
455;2736
456;2680
457;2625
458;2565
459;2506
460;2551
461;2597
462;2621
463;2646
464;2723
465;2801
466;2842
467;2883
468;2915
469;2946
470;2972
471;2999
472;2964
473;2929
474;2834
475;2739
476;2629
477;2520
478;2430
479;2340
480;2224
481;2109
482;2028
483;1948
484;1862
485;1776
486;1719
487;1662
488;1599
489;1537
490;1487
491;1437
492;1410
493;1383
494;1342
495;1301
496;1282
497;1264
498;1230
499;1197
500;1191
501;1184
502;1162
503;1140
504;1152
505;1165
506;1140
507;1114
508;1123
509;1133
510;1135
511;1138
512;1139
513;1141
514;1159
515;1177
516;1185
517;1193
518;1218
519;1244
520;1304
521;1364
522;1426
523;1488
524;1535
525;1582
526;1660
527;1738
528;1800
529;1863
530;1991
531;2120
532;2181
533;2242
534;2347
535;2452
536;2480
537;2508
538;2567
539;2626
540;2664
541;2702
542;2694
543;2685
544;2676
545;2666
546;2690
547;2713
548;2679
549;2644
550;2639
551;2634
552;2585
553;2536
554;2516
555;2497
556;2485
557;2474
558;2509
559;2545
560;2512
561;2479
562;2504
563;2529
564;2551
565;2574
566;2611
567;2649
568;2686
569;2723
570;2833
571;2943
572;3013
573;3084
574;3170
575;3256
576;3360
577;3465
578;3553
579;3642
580;3734
581;3827
582;3857
583;3886
584;3950
585;4014
586;4045
587;4077
588;4086
589;4095
590;4085
591;4076
592;4073
593;4071
594;4017
595;3962
596;3918
597;3873
598;3827
599;3780
600;3720
601;3660
602;3582
603;3505
604;3425
605;3344
606;3317
607;3290
608;3215
609;3141
610;3117
611;3094
612;3034
613;2975
614;2957
615;2940
616;2883
617;2827
618;2809
619;2792
620;2768
621;2744
622;2734
623;2724
624;2733
625;2742
626;2734
627;2726
628;2739
629;2753
630;2732
631;2712
632;2725
633;2738
634;2730
635;2722
636;2751
637;2780
638;2818
639;2857
640;2831
641;2804
642;2828
643;2852
644;2862
645;2873
646;2906
647;2939
648;2959
649;2979
650;2967
651;2956
652;2967
653;2978
654;2994
655;3009
656;3028
657;3048
658;3055
659;3063
660;3097
661;3131
662;3099
663;3067
664;3087
665;3108
666;3093
667;3079
668;3082
669;3086
670;3135
671;3185
672;3142
673;3098
674;3102
675;3107
676;3075
677;3044
678;3092
679;3140
680;3144
681;3149
682;3089
683;3029
684;3030
685;3031
686;3022
687;3014
688;2960
689;2907
690;2906
691;2906
692;2884
693;2862
694;2882
695;2903
696;2867
697;2831
698;2812
699;2793
700;2813
701;2834
702;2806
703;2779
704;2789
705;2799
706;2805
707;2811
708;2785
709;2760
710;2754
711;2748
712;2749
713;2750
714;2761
715;2772
716;2780
717;2788
718;2802
719;2815
720;2774
721;2732
722;2782
723;2832
724;2798
725;2764
726;2783
727;2802
728;2796
729;2790
730;2841
731;2892
732;2898
733;2904
734;2910
735;2917
736;2911
737;2905
738;2934
739;2963
740;2940
741;2916
742;2912
743;2908
744;2914
745;2919
746;2932
747;2944
748;2924
749;2903
750;2933
751;2964
752;2969
753;2974
754;2966
755;2958
756;2970
757;2983
758;2983
759;2983
760;3001
761;3019
762;3001
763;2983
764;2983
765;2984
766;3012
767;3040
768;3003
769;2966
770;2989
771;3013
772;3027
773;3041
774;3009
775;2977
776;2959
777;2942
778;2942
779;2942
780;2959
781;2977
782;2953
783;2929
784;2929
785;2929
786;2916
787;2904
788;2882
789;2861
790;2837
791;2813
792;2779
793;2746
794;2752
795;2759
796;2739
797;2720
798;2721
799;2722
800;2736
801;2751
802;2717
803;2683
804;2674
805;2666
806;2672
807;2678
808;2652
809;2626
810;2634
811;2643
812;2670
813;2697
814;2711
815;2726
816;2777
817;2828
818;2873
819;2919
820;2960
821;3002
822;3057
823;3112
824;3126
825;3140
826;3229
827;3319
828;3351
829;3383
830;3449
831;3515
832;3557
833;3599
834;3672
835;3746
836;3780
837;3815
838;3866
839;3918
840;3926
841;3933
842;3948
843;3963
844;3961
845;3959
846;3957
847;3955
848;3925
849;3896
850;3868
851;3840
852;3780
853;3721
854;3681
855;3642
856;3564
857;3487
858;3418
859;3349
860;3267
861;3185
862;3105
863;3026
864;2966
865;2905
866;2848
867;2790
868;2728
869;2666
870;2657
871;2648
872;2641
873;2635
874;2609
875;2584
876;2605
877;2627
878;2645
879;2664
880;2721
881;2777
882;2747
883;2718
884;2722
885;2726
886;2760
887;2793
888;2757
889;2722
890;2710
891;2698
892;2689
893;2680
894;2623
895;2565
896;2532
897;2499
898;2453
899;2407
900;2360
901;2313
902;2237
903;2161
904;2095
905;2029
906;1936
907;1843
908;1797
909;1751
910;1642
911;1534
912;1493
913;1452
914;1408
915;1365
916;1323
917;1281
918;1240
919;1199
920;1191
921;1184
922;1138
923;1092
924;1093
925;1094
926;1086
927;1077
928;1066
929;1055
930;1038
931;1021
932;1053
933;1086
934;1091
935;1097
936;1103
937;1109
938;1119
939;1130
940;1172
941;1214
942;1261
943;1308
944;1345
945;1381
946;1444
947;1507
948;1581
949;1655
950;1732
951;1809
952;1917
953;2025
954;2123
955;2222
956;2341
957;2460
958;2563
959;2667
960;2710
961;2754
962;2808
963;2862
964;2948
965;3034
966;3024
967;3015
968;2960
969;2905
970;2826
971;2746
972;2697
973;2648
974;2621
975;2594
976;2614
977;2633
978;2696
979;2759
980;2870
981;2982
982;3113
983;3244
984;3375
985;3505
986;3640
987;3775
988;3830
989;3885
990;3921
991;3958
992;3952
993;3947
994;3825
995;3703
996;3607
997;3511
998;3371
999;3232
1000;3073
1001;2915
1002;2807
1003;2699
1004;2640
1005;2582
1006;2567
1007;2553
1008;2599
1009;2644
1010;2632
1011;2620
1012;2615
1013;2611
1014;2652
1015;2692
1016;2655
1017;2617
1018;2551
1019;2486
1020;2383
1021;2280
1022;2176
1023;2071
1024;1955
1025;1839
1026;1754
1027;1669
1028;1542
1029;1415
1030;1350
1031;1286
1032;1235
1033;1183
1034;1146
1035;1109
1036;1099
1037;1090
1038;1080
1039;1071
1040;1058
1041;1045
1042;1055
1043;1065
1044;1086
1045;1107
1046;1140
1047;1173
1048;1192
1049;1211
1050;1281
1051;1352
1052;1453
1053;1554
1054;1694
1055;1835
1056;1968
1057;2101
1058;2255
1059;2410
1060;2533
1061;2656
1062;2741
1063;2826
1064;2848
1065;2871
1066;2814
1067;2757
1068;2664
1069;2571
1070;2515
1071;2458
1072;2485
1073;2513
1074;2610
1075;2708
1076;2865
1077;3023
1078;3189
1079;3356
1080;3551
1081;3747
1082;3786
1083;3826
1084;3738
1085;3650
1086;3556
1087;3462
1088;3302
1089;3141
1090;2928
1091;2714
1092;2605
1093;2497
1094;2474
1095;2452
1096;2479
1097;2506
1098;2536
1099;2567
1100;2556
1101;2545
1102;2513
1103;2481
1104;2405
1105;2328
1106;2184
1107;2041
1108;1911
1109;1781
1110;1664
1111;1547
1112;1454
1113;1361
1114;1270
1115;1180
1116;1143
1117;1107
1118;1083
1119;1060
1120;1065
1121;1070
1122;1082
1123;1093
1124;1102
1125;1112
1126;1158
1127;1204
1128;1261
1129;1317
1130;1424
1131;1531
1132;1676
1133;1822
1134;1982
1135;2143
1136;2334
1137;2525
1138;2651
1139;2777
1140;2833
1141;2890
1142;2829
1143;2768
1144;2669
1145;2570
1146;2533
1147;2496
1148;2535
1149;2573
1150;2761
1151;2949
1152;3189
1153;3429
1154;3545
1155;3662
1156;3709
1157;3757
1158;3615
1159;3473
1160;3295
1161;3117
1162;2905
1163;2693
1164;2559
1165;2426
1166;2423
1167;2421
1168;2485
1169;2548
1170;2537
1171;2527
1172;2459
1173;2392
1174;2326
1175;2259
1176;2121
1177;1983
1178;1801
1179;1619
1180;1489
1181;1359
1182;1263
1183;1168
1184;1143
1185;1119
1186;1096
1187;1073
1188;1070
1189;1067
1190;1087
1191;1108
1192;1147
1193;1187
1194;1250
1195;1313
1196;1420
1197;1528
1198;1698
1199;1869
1200;2067
1201;2266
1202;2448
1203;2631
1204;2740
1205;2850
1206;2789
1207;2728
1208;2599
1209;2470
1210;2416
1211;2363
1212;2468
1213;2574
1214;2824
1215;3075
1216;3277
1217;3480
1218;3578
1219;3676
1220;3578
1221;3480
1222;3270
1223;3060
1224;2786
1225;2512
1226;2433
1227;2355
1228;2354
1229;2354
1230;2395
1231;2437
1232;2432
1233;2427
1234;2334
1235;2242
1236;2081
1237;1920
1238;1766
1239;1612
1240;1452
1241;1293
1242;1211
1243;1129
1244;1074
1245;1020
1246;1044
1247;1068
1248;1056
1249;1045
1250;1082
1251;1119
1252;1178
1253;1236
1254;1390
1255;1543
1256;1708
1257;1872
1258;2090
1259;2308
1260;2481
1261;2654
1262;2701
1263;2748
1264;2654
1265;2561
1266;2470
1267;2380
1268;2443
1269;2506
1270;2737
1271;2969
1272;3224
1273;3480
1274;3531
1275;3583
1276;3408
1277;3234
1278;2958
1279;2682
1280;2496
1281;2310
1282;2310
1283;2310
1284;2334
1285;2358
1286;2358
1287;2358
1288;2271
1289;2185
1290;2018
1291;1852
1292;1668
1293;1484
1294;1333
1295;1183
1296;1118
1297;1052
1298;1021
1299;989
1300;1002
1301;1015
1302;1041
1303;1066
1304;1110
1305;1154
1306;1313
1307;1471
1308;1623
1309;1775
1310;2034
1311;2293
1312;2439
1313;2586
1314;2594
1315;2603
1316;2478
1317;2353
1318;2307
1319;2261
1320;2423
1321;2584
1322;2902
1323;3220
1324;3336
1325;3452
1326;3327
1327;3202
1328;2903
1329;2603
1330;2426
1331;2249
1332;2226
1333;2204
1334;2260
1335;2316
1336;2275
1337;2235
1338;2149
1339;2063
1340;1864
1341;1665
1342;1461
1343;1258
1344;1157
1345;1057
1346;1032
1347;1007
1348;982
1349;958
1350;1010
1351;1062
1352;1114
1353;1167
1354;1304
1355;1442
1356;1645
1357;1848
1358;2116
1359;2384
1360;2521
1361;2658
1362;2580
1363;2503
1364;2376
1365;2248
1366;2310
1367;2371
1368;2371
