# Strom: 3.96 A
# Magnetfeld: -400 mT
# Schnitt bei (722,485)
# Mittelung: 1 Pixel
# Magnetfeldsensor kalibriertPixel ; Red Value
1;423
2;438
3;453
4;481
5;510
6;605
7;701
8;876
9;1052
10;1202
11;1352
12;1242
13;1133
14;957
15;781
16;700
17;619
18;624
19;630
20;631
21;633
22;635
23;637
24;639
25;642
26;710
27;779
28;942
29;1106
30;1204
31;1303
32;1220
33;1138
34;940
35;742
36;633
37;525
38;492
39;460
40;442
41;425
42;425
43;424
44;430
45;436
46;461
47;486
48;565
49;644
50;776
51;909
52;1088
53;1268
54;1269
55;1271
56;1131
57;992
58;839
59;687
60;651
61;615
62;612
63;608
64;634
65;661
66;643
67;625
68;631
69;638
70;707
71;776
72;956
73;1136
74;1251
75;1366
76;1285
77;1205
78;1029
79;854
80;714
81;574
82;532
83;490
84;475
85;461
86;444
87;427
88;433
89;439
90;456
91;472
92;511
93;551
94;612
95;673
96;852
97;1032
98;1187
99;1342
100;1354
101;1367
102;1179
103;991
104;879
105;767
106;700
107;634
108;641
109;648
110;666
111;684
112;677
113;670
114;660
115;650
116;671
117;693
118;808
119;923
120;1072
121;1221
122;1307
123;1394
124;1296
125;1199
126;1016
127;834
128;724
129;614
130;549
131;483
132;469
133;455
134;444
135;433
136;435
137;438
138;455
139;473
140;503
141;533
142;583
143;633
144;745
145;857
146;1037
147;1217
148;1348
149;1480
150;1408
151;1337
152;1192
153;1047
154;917
155;788
156;732
157;676
158;669
159;661
160;683
161;705
162;687
163;670
164;661
165;652
166;675
167;698
168;759
169;820
170;949
171;1079
172;1235
173;1392
174;1424
175;1457
176;1346
177;1235
178;1054
179;874
180;759
181;644
182;587
183;530
184;507
185;484
186;474
187;464
188;456
189;448
190;462
191;476
192;495
193;515
194;544
195;574
196;635
197;697
198;808
199;919
200;1069
201;1220
202;1374
203;1529
204;1482
205;1435
206;1314
207;1194
208;1026
209;858
210;809
211;759
212;722
213;685
214;691
215;698
216;709
217;720
218;708
219;695
220;675
221;654
222;673
223;693
224;751
225;810
226;922
227;1035
228;1199
229;1363
230;1461
231;1560
232;1490
233;1421
234;1294
235;1167
236;1011
237;856
238;763
239;671
240;626
241;582
242;551
243;520
244;493
245;467
246;471
247;476
248;468
249;461
250;474
251;488
252;506
253;524
254;563
255;602
256;660
257;718
258;826
259;933
260;1079
261;1225
262;1382
263;1538
264;1574
265;1609
266;1511
267;1414
268;1250
269;1086
270;989
271;892
272;806
273;720
274;715
275;710
276;714
277;717
278;741
279;765
280;743
281;722
282;708
283;695
284;691
285;688
286;706
287;725
288;787
289;849
290;946
291;1043
292;1186
293;1329
294;1457
295;1585
296;1593
297;1602
298;1500
299;1397
300;1243
301;1090
302;985
303;880
304;783
305;687
306;649
307;612
308;571
309;531
310;515
311;499
312;491
313;483
314;479
315;474
316;501
317;528
318;518
319;508
320;519
321;530
322;553
323;577
324;627
325;677
326;739
327;801
328;911
329;1021
330;1160
331;1299
332;1425
333;1551
334;1583
335;1615
336;1573
337;1531
338;1414
339;1296
340;1160
341;1023
342;951
343;879
344;822
345;764
346;755
347;746
348;740
349;733
350;735
351;737
352;758
353;780
354;774
355;769
356;738
357;706
358;719
359;732
360;742
361;752
362;774
363;796
364;866
365;936
366;1015
367;1095
368;1236
369;1376
370;1483
371;1590
372;1623
373;1656
374;1636
375;1615
376;1490
377;1364
378;1245
379;1125
380;1034
381;944
382;842
383;741
384;695
385;648
386;610
387;571
388;559
389;546
390;535
391;523
392;518
393;514
394;513
395;513
396;503
397;492
398;493
399;494
400;497
401;501
402;506
403;512
404;536
405;560
406;582
407;604
408;645
409;685
410;731
411;777
412;851
413;925
414;1037
415;1149
416;1264
417;1379
418;1488
419;1597
420;1621
421;1646
422;1630
423;1614
424;1565
425;1517
426;1422
427;1327
428;1246
429;1165
430;1086
431;1008
432;925
433;843
434;812
435;781
436;760
437;739
438;741
439;744
440;755
441;767
442;768
443;770
444;781
445;791
446;792
447;794
448;780
449;767
450;770
451;774
452;746
453;718
454;735
455;752
456;763
457;774
458;788
459;802
460;842
461;882
462;973
463;1065
464;1107
465;1150
466;1260
467;1370
468;1447
469;1525
470;1597
471;1669
472;1666
473;1664
474;1662
475;1661
476;1616
477;1572
478;1471
479;1370
480;1306
481;1242
482;1148
483;1053
484;976
485;899
486;850
487;801
488;786
489;771
490;716
491;661
492;638
493;615
494;595
495;576
496;566
497;556
498;541
499;525
500;536
501;546
502;545
503;544
504;536
505;528
506;516
507;504
508;518
509;532
510;531
511;530
512;523
513;516
514;536
515;556
516;541
517;527
518;549
519;572
520;584
521;596
522;608
523;619
524;635
525;652
526;679
527;706
528;749
529;792
530;811
531;830
532;877
533;925
534;974
535;1023
536;1102
537;1182
538;1250
539;1318
540;1376
541;1434
542;1505
543;1575
544;1632
545;1689
546;1698
547;1707
548;1733
549;1758
550;1740
551;1723
552;1681
553;1639
554;1581
555;1524
556;1466
557;1409
558;1339
559;1269
560;1237
561;1206
562;1134
563;1062
564;1037
565;1012
566;983
567;953
568;914
569;875
570;864
571;854
572;837
573;820
574;806
575;792
576;797
577;802
578;779
579;756
580;768
581;780
582;777
583;775
584;773
585;772
586;798
587;825
588;828
589;832
590;822
591;812
592;835
593;858
594;840
595;823
596;827
597;831
598;829
599;827
600;812
601;798
602;787
603;776
604;774
605;772
606;783
607;794
608;783
609;772
610;774
611;777
612;774
613;771
614;772
615;773
616;779
617;784
618;771
619;757
620;774
621;790
622;775
623;760
624;799
625;839
626;830
627;821
628;828
629;834
630;854
631;874
632;887
633;900
634;904
635;908
636;942
637;976
638;998
639;1021
640;1027
641;1033
642;1065
643;1097
644;1084
645;1071
646;1131
647;1191
648;1194
649;1196
650;1232
651;1269
652;1285
653;1301
654;1325
655;1350
656;1389
657;1427
658;1445
659;1464
660;1484
661;1505
662;1526
663;1548
664;1579
665;1609
666;1603
667;1597
668;1646
669;1695
670;1676
671;1657
672;1673
673;1689
674;1709
675;1729
676;1704
677;1679
678;1679
679;1679
680;1728
681;1777
682;1768
683;1760
684;1752
685;1743
686;1746
687;1749
688;1751
689;1754
690;1759
691;1765
692;1774
693;1783
694;1782
695;1782
696;1790
697;1798
698;1787
699;1777
700;1788
701;1800
702;1787
703;1774
704;1758
705;1741
706;1756
707;1771
708;1774
709;1777
710;1741
711;1706
712;1739
713;1772
714;1775
715;1778
716;1777
717;1776
718;1796
719;1816
720;1794
721;1773
722;1797
723;1822
724;1799
725;1776
726;1778
727;1780
728;1784
729;1788
730;1776
731;1764
732;1779
733;1795
734;1783
735;1770
736;1780
737;1790
738;1792
739;1795
740;1785
741;1775
742;1781
743;1788
744;1766
745;1745
746;1749
747;1753
748;1765
749;1778
750;1794
751;1811
752;1790
753;1769
754;1741
755;1712
756;1746
757;1780
758;1742
759;1705
760;1715
761;1726
762;1686
763;1646
764;1640
765;1635
766;1630
767;1626
768;1611
769;1597
770;1570
771;1544
772;1529
773;1515
774;1488
775;1461
776;1456
777;1452
778;1420
779;1388
780;1342
781;1296
782;1315
783;1334
784;1297
785;1260
786;1241
787;1222
788;1213
789;1204
790;1160
791;1116
792;1092
793;1069
794;1041
795;1013
796;1004
797;994
798;961
799;928
800;921
801;915
802;898
803;882
804;861
805;840
806;839
807;839
808;831
809;823
810;825
811;827
812;800
813;774
814;791
815;808
816;810
817;812
818;817
819;822
820;829
821;837
822;835
823;834
824;817
825;800
826;787
827;774
828;807
829;841
830;831
831;821
832;822
833;823
834;841
835;859
836;859
837;859
838;842
839;825
840;837
841;850
842;834
843;819
844;825
845;832
846;821
847;811
848;808
849;805
850;803
851;800
852;811
853;822
854;805
855;789
856;797
857;806
858;820
859;834
860;864
861;895
862;899
863;903
864;935
865;967
866;989
867;1012
868;1038
869;1063
870;1105
871;1148
872;1203
873;1259
874;1312
875;1366
876;1404
877;1442
878;1542
879;1642
880;1675
881;1709
882;1730
883;1752
884;1760
885;1769
886;1765
887;1761
888;1724
889;1687
890;1635
891;1584
892;1523
893;1463
894;1396
895;1330
896;1270
897;1211
898;1136
899;1062
900;1023
901;983
902;942
903;901
904;869
905;838
906;803
907;768
908;745
909;723
910;702
911;681
912;669
913;657
914;646
915;634
916;624
917;614
918;591
919;567
920;568
921;568
922;567
923;566
924;571
925;576
926;565
927;554
928;560
929;565
930;573
931;580
932;574
933;567
934;572
935;576
936;592
937;609
938;637
939;666
940;680
941;694
942;717
943;740
944;763
945;786
946;825
947;864
948;936
949;1008
950;1094
951;1181
952;1244
953;1308
954;1399
955;1491
956;1566
957;1641
958;1689
959;1737
960;1769
961;1801
962;1765
963;1729
964;1673
965;1618
966;1497
967;1376
968;1296
969;1215
970;1129
971;1044
972;990
973;936
974;895
975;855
976;825
977;795
978;795
979;796
980;798
981;800
982;823
983;846
984;843
985;840
986;865
987;890
988;861
989;831
990;819
991;808
992;803
993;799
994;795
995;791
996;789
997;787
998;809
999;830
1000;886
1001;942
1002;979
1003;1016
1004;1124
1005;1233
1006;1324
1007;1415
1008;1494
1009;1573
1010;1645
1011;1718
1012;1721
1013;1725
1014;1679
1015;1633
1016;1524
1017;1415
1018;1302
1019;1190
1020;1084
1021;979
1022;905
1023;832
1024;798
1025;764
1026;734
1027;705
1028;682
1029;659
1030;639
1031;620
1032;616
1033;613
1034;593
1035;574
1036;583
1037;592
1038;590
1039;589
1040;583
1041;578
1042;587
1043;596
1044;617
1045;638
1046;662
1047;686
1048;711
1049;737
1050;795
1051;854
1052;913
1053;973
1054;1079
1055;1186
1056;1314
1057;1442
1058;1518
1059;1595
1060;1616
1061;1638
1062;1584
1063;1531
1064;1438
1065;1345
1066;1223
1067;1101
1068;1001
1069;902
1070;857
1071;811
1072;782
1073;753
1074;763
1075;773
1076;780
1077;788
1078;776
1079;765
1080;781
1081;798
1082;786
1083;775
1084;774
1085;773
1086;767
1087;761
1088;781
1089;801
1090;860
1091;919
1092;1015
1093;1112
1094;1233
1095;1354
1096;1446
1097;1539
1098;1601
1099;1663
1100;1596
1101;1529
1102;1406
1103;1283
1104;1169
1105;1055
1106;939
1107;823
1108;765
1109;708
1110;654
1111;599
1112;592
1113;585
1114;572
1115;559
1116;567
1117;575
1118;563
1119;551
1120;562
1121;573
1122;581
1123;590
1124;598
1125;605
1126;637
1127;670
1128;727
1129;784
1130;862
1131;940
1132;1060
1133;1181
1134;1319
1135;1458
1136;1532
1137;1607
1138;1583
1139;1560
1140;1472
1141;1385
1142;1257
1143;1130
1144;1016
1145;902
1146;860
1147;818
1148;807
1149;797
1150;790
1151;784
1152;806
1153;828
1154;831
1155;834
1156;822
1157;811
1158;801
1159;791
1160;816
1161;840
1162;876
1163;911
1164;1043
1165;1174
1166;1321
1167;1468
1168;1537
1169;1607
1170;1562
1171;1517
1172;1407
1173;1296
1174;1115
1175;934
1176;837
1177;740
1178;693
1179;647
1180;625
1181;604
1182;596
1183;589
1184;583
1185;577
1186;577
1187;577
1188;580
1189;584
1190;596
1191;608
1192;621
1193;634
1194;698
1195;763
1196;857
1197;951
1198;1086
1199;1221
1200;1341
1201;1461
1202;1521
1203;1580
1204;1490
1205;1400
1206;1249
1207;1099
1208;981
1209;864
1210;813
1211;762
1212;763
1213;765
1214;765
1215;765
1216;765
1217;766
1218;781
1219;796
1220;764
1221;733
1222;777
1223;822
1224;879
1225;937
1226;1059
1227;1181
1228;1306
1229;1432
1230;1493
1231;1555
1232;1434
1233;1313
1234;1133
1235;953
1236;837
1237;721
1238;666
1239;611
1240;603
1241;596
1242;584
1243;572
1244;559
1245;546
1246;560
1247;574
1248;585
1249;596
1250;622
1251;648
1252;694
1253;741
1254;835
1255;929
1256;1080
1257;1231
1258;1356
1259;1482
1260;1461
1261;1440
1262;1335
1263;1231
1264;1070
1265;910
1266;838
1267;766
1268;756
1269;747
1270;770
1271;794
1272;791
1273;789
1274;762
1275;736
1276;746
1277;757
1278;780
1279;804
1280;916
1281;1029
1282;1177
1283;1325
1284;1399
1285;1473
1286;1363
1287;1253
1288;1093
1289;933
1290;816
1291;698
1292;645
1293;593
1294;556
1295;520
1296;526
1297;532
1298;528
1299;525
1300;534
1301;543
1302;550
1303;557
1304;591
1305;626
1306;707
1307;788
1308;945
1309;1103
1310;1248
1311;1394
1312;1363
1313;1332
1314;1198
1315;1064
1316;939
1317;815
1318;750
1319;686
1320;685
1321;685
1322;693
1323;702
1324;715
1325;728
1326;695
1327;663
1328;699
1329;736
1330;828
1331;920
1332;1092
1333;1264
1334;1313
1335;1362
1336;1267
1337;1172
1338;994
1339;817
1340;697
1341;578
1342;544
1343;511
1344;491
1345;472
1346;469
1347;467
1348;470
1349;473
1350;499
1351;526
1352;567
1353;607
1354;698
1355;788
1356;935
1357;1081
1358;1242
1359;1403
1360;1337
1361;1272
1362;1078
1363;884
1364;784
1365;684
1366;681
1367;677
1368;677
