# Strom: 3.17 A
# Magnetfeld: -330 mT
# Schnitt bei (722,485)
# Mittelung: 1 Pixel
# Magnetfeldsensor kalibriertPixel ; Red Value
1;769
2;765
3;762
4;783
5;804
6;845
7;887
8;975
9;1064
10;1281
11;1498
12;1740
13;1983
14;1980
15;1978
16;2050
17;2123
18;2413
19;2703
20;2875
21;3048
22;2916
23;2785
24;2587
25;2389
26;2440
27;2492
28;2441
29;2391
30;2141
31;1891
32;1674
33;1456
34;1303
35;1150
36;1078
37;1006
38;940
39;874
40;842
41;810
42;795
43;779
44;767
45;755
46;779
47;804
48;824
49;844
50;927
51;1010
52;1184
53;1358
54;1621
55;1885
56;2009
57;2134
58;2107
59;2080
60;2246
61;2412
62;2717
63;3023
64;3086
65;3149
66;2946
67;2743
68;2612
69;2481
70;2471
71;2462
72;2426
73;2391
74;2168
75;1945
76;1729
77;1513
78;1349
79;1185
80;1125
81;1065
82;975
83;886
84;869
85;852
86;842
87;831
88;818
89;806
90;809
91;812
92;825
93;838
94;889
95;940
96;1027
97;1114
98;1311
99;1507
100;1744
101;1981
102;2066
103;2152
104;2161
105;2171
106;2285
107;2398
108;2679
109;2960
110;3152
111;3345
112;3157
113;2970
114;2802
115;2633
116;2590
117;2547
118;2571
119;2596
120;2485
121;2374
122;2119
123;1864
124;1665
125;1467
126;1346
127;1226
128;1140
129;1054
130;989
131;925
132;901
133;877
134;855
135;833
136;822
137;812
138;815
139;817
140;835
141;853
142;884
143;915
144;963
145;1012
146;1128
147;1244
148;1467
149;1691
150;1920
151;2148
152;2221
153;2293
154;2276
155;2259
156;2372
157;2486
158;2766
159;3046
160;3243
161;3440
162;3346
163;3253
164;3009
165;2764
166;2701
167;2638
168;2666
169;2695
170;2673
171;2651
172;2454
173;2258
174;2009
175;1759
176;1615
177;1470
178;1362
179;1254
180;1171
181;1088
182;1028
183;969
184;946
185;923
186;883
187;844
188;833
189;822
190;828
191;834
192;843
193;853
194;856
195;859
196;912
197;966
198;1017
199;1069
200;1203
201;1338
202;1530
203;1721
204;1954
205;2186
206;2261
207;2336
208;2322
209;2307
210;2358
211;2409
212;2621
213;2834
214;3090
215;3347
216;3430
217;3513
218;3405
219;3296
220;3088
221;2880
222;2773
223;2666
224;2694
225;2722
226;2752
227;2782
228;2605
229;2428
230;2233
231;2039
232;1857
233;1675
234;1532
235;1388
236;1311
237;1234
238;1154
239;1074
240;1025
241;975
242;955
243;935
244;900
245;866
246;861
247;857
248;847
249;837
250;846
251;856
252;853
253;850
254;866
255;882
256;927
257;971
258;1027
259;1083
260;1193
261;1302
262;1474
263;1647
264;1866
265;2086
266;2211
267;2336
268;2371
269;2406
270;2411
271;2416
272;2481
273;2545
274;2725
275;2904
276;3168
277;3431
278;3542
279;3653
280;3561
281;3469
282;3277
283;3085
284;2963
285;2841
286;2825
287;2810
288;2841
289;2873
290;2851
291;2830
292;2692
293;2554
294;2375
295;2196
296;2021
297;1847
298;1705
299;1564
300;1449
301;1334
302;1263
303;1192
304;1141
305;1090
306;1066
307;1042
308;992
309;943
310;909
311;875
312;884
313;894
314;893
315;892
316;884
317;877
318;876
319;876
320;888
321;900
322;908
323;916
324;937
325;959
326;998
327;1038
328;1121
329;1205
330;1308
331;1411
332;1605
333;1799
334;1943
335;2088
336;2236
337;2385
338;2401
339;2418
340;2448
341;2479
342;2521
343;2563
344;2614
345;2665
346;2838
347;3011
348;3201
349;3390
350;3583
351;3775
352;3775
353;3776
354;3642
355;3509
356;3320
357;3131
358;3040
359;2950
360;2923
361;2896
362;2934
363;2971
364;2959
365;2947
366;2931
367;2916
368;2773
369;2629
370;2463
371;2297
372;2125
373;1953
374;1847
375;1740
376;1651
377;1562
378;1473
379;1384
380;1292
381;1201
382;1169
383;1138
384;1103
385;1069
386;1031
387;994
388;976
389;958
390;951
391;945
392;929
393;914
394;890
395;866
396;873
397;880
398;861
399;843
400;845
401;847
402;863
403;880
404;881
405;882
406;927
407;971
408;987
409;1002
410;1037
411;1072
412;1119
413;1166
414;1237
415;1308
416;1440
417;1573
418;1720
419;1868
420;2002
421;2137
422;2225
423;2313
424;2410
425;2507
426;2511
427;2515
428;2523
429;2532
430;2566
431;2600
432;2619
433;2639
434;2746
435;2854
436;2958
437;3061
438;3224
439;3388
440;3525
441;3663
442;3748
443;3833
444;3795
445;3757
446;3681
447;3604
448;3482
449;3359
450;3270
451;3180
452;3132
453;3084
454;3033
455;2982
456;2986
457;2991
458;3022
459;3053
460;3014
461;2976
462;2988
463;3000
464;2934
465;2867
466;2770
467;2672
468;2546
469;2420
470;2284
471;2147
472;2058
473;1970
474;1845
475;1721
476;1661
477;1600
478;1530
479;1460
480;1391
481;1322
482;1268
483;1215
484;1206
485;1197
486;1169
487;1142
488;1119
489;1096
490;1082
491;1068
492;1030
493;992
494;1003
495;1013
496;979
497;946
498;930
499;914
500;916
501;917
502;911
503;905
504;891
505;877
506;888
507;899
508;895
509;890
510;862
511;835
512;853
513;872
514;874
515;875
516;891
517;908
518;898
519;888
520;902
521;916
522;944
523;972
524;996
525;1021
526;1034
527;1048
528;1081
529;1115
530;1152
531;1190
532;1227
533;1264
534;1335
535;1406
536;1460
537;1515
538;1571
539;1628
540;1724
541;1819
542;1885
543;1951
544;2013
545;2074
546;2152
547;2229
548;2301
549;2373
550;2408
551;2444
552;2482
553;2521
554;2560
555;2600
556;2595
557;2590
558;2594
559;2599
560;2606
561;2613
562;2640
563;2667
564;2677
565;2688
566;2765
567;2842
568;2852
569;2862
570;2926
571;2990
572;3073
573;3156
574;3194
575;3232
576;3331
577;3430
578;3510
579;3591
580;3698
581;3806
582;3834
583;3863
584;3919
585;3974
586;3975
587;3976
588;3987
589;3998
590;4001
591;4004
592;3937
593;3870
594;3844
595;3817
596;3770
597;3724
598;3676
599;3629
600;3599
601;3570
602;3519
603;3469
604;3456
605;3443
606;3381
607;3319
608;3286
609;3254
610;3261
611;3269
612;3246
613;3223
614;3223
615;3222
616;3217
617;3211
618;3178
619;3145
620;3189
621;3234
622;3238
623;3241
624;3244
625;3246
626;3246
627;3247
628;3241
629;3235
630;3219
631;3203
632;3193
633;3183
634;3166
635;3149
636;3145
637;3141
638;3111
639;3080
640;3069
641;3059
642;3013
643;2967
644;2941
645;2915
646;2885
647;2855
648;2831
649;2806
650;2790
651;2775
652;2748
653;2721
654;2686
655;2652
656;2592
657;2532
658;2519
659;2507
660;2472
661;2437
662;2426
663;2415
664;2414
665;2414
666;2402
667;2391
668;2350
669;2309
670;2288
671;2267
672;2243
673;2219
674;2221
675;2223
676;2201
677;2179
678;2180
679;2180
680;2137
681;2094
682;2098
683;2102
684;2073
685;2045
686;2018
687;1992
688;2006
689;2020
690;1979
691;1938
692;1921
693;1905
694;1874
695;1844
696;1854
697;1864
698;1855
699;1845
700;1843
701;1841
702;1828
703;1815
704;1799
705;1783
706;1770
707;1757
708;1794
709;1832
710;1789
711;1747
712;1764
713;1781
714;1757
715;1733
716;1733
717;1732
718;1734
719;1736
720;1743
721;1751
722;1793
723;1834
724;1824
725;1813
726;1811
727;1810
728;1797
729;1785
730;1812
731;1839
732;1859
733;1879
734;1887
735;1894
736;1912
737;1930
738;1924
739;1918
740;1897
741;1876
742;1902
743;1929
744;1937
745;1945
746;1972
747;2000
748;1988
749;1977
750;2001
751;2026
752;2055
753;2084
754;2064
755;2044
756;2063
757;2083
758;2094
759;2106
760;2116
761;2126
762;2148
763;2170
764;2188
765;2206
766;2244
767;2282
768;2295
769;2309
770;2329
771;2349
772;2374
773;2399
774;2447
775;2496
776;2490
777;2485
778;2538
779;2592
780;2628
781;2664
782;2671
783;2679
784;2718
785;2757
786;2774
787;2791
788;2824
789;2858
790;2905
791;2952
792;2966
793;2981
794;3023
795;3065
796;3078
797;3092
798;3099
799;3106
800;3133
801;3161
802;3158
803;3155
804;3115
805;3075
806;3118
807;3162
808;3158
809;3155
810;3173
811;3192
812;3169
813;3147
814;3168
815;3189
816;3211
817;3234
818;3222
819;3210
820;3211
821;3211
822;3238
823;3266
824;3296
825;3327
826;3333
827;3339
828;3394
829;3449
830;3471
831;3493
832;3518
833;3544
834;3583
835;3622
836;3634
837;3646
838;3706
839;3765
840;3777
841;3788
842;3805
843;3822
844;3826
845;3830
846;3845
847;3861
848;3820
849;3780
850;3766
851;3752
852;3725
853;3699
854;3639
855;3579
856;3559
857;3540
858;3477
859;3415
860;3355
861;3296
862;3274
863;3252
864;3189
865;3126
866;3059
867;2993
868;2958
869;2923
870;2877
871;2831
872;2798
873;2766
874;2765
875;2764
876;2736
877;2708
878;2668
879;2628
880;2646
881;2664
882;2604
883;2545
884;2471
885;2398
886;2373
887;2347
888;2252
889;2156
890;2117
891;2077
892;1986
893;1896
894;1826
895;1756
896;1692
897;1629
898;1553
899;1476
900;1420
901;1364
902;1309
903;1254
904;1213
905;1171
906;1142
907;1114
908;1073
909;1032
910;1008
911;983
912;974
913;965
914;942
915;920
916;903
917;886
918;881
919;877
920;859
921;842
922;856
923;870
924;845
925;820
926;831
927;841
928;841
929;841
930;846
931;851
932;828
933;805
934;841
935;878
936;864
937;850
938;843
939;836
940;864
941;892
942;900
943;909
944;928
945;948
946;980
947;1012
948;1021
949;1030
950;1081
951;1132
952;1166
953;1200
954;1269
955;1339
956;1406
957;1474
958;1553
959;1633
960;1755
961;1877
962;1988
963;2099
964;2203
965;2307
966;2428
967;2549
968;2618
969;2688
970;2791
971;2894
972;2929
973;2964
974;3010
975;3056
976;3088
977;3121
978;3154
979;3187
980;3203
981;3219
982;3315
983;3412
984;3490
985;3569
986;3623
987;3677
988;3722
989;3767
990;3784
991;3802
992;3815
993;3828
994;3792
995;3757
996;3655
997;3553
998;3442
999;3332
1000;3249
1001;3166
1002;3064
1003;2963
1004;2894
1005;2825
1006;2765
1007;2705
1008;2636
1009;2567
1010;2521
1011;2476
1012;2361
1013;2247
1014;2142
1015;2038
1016;1933
1017;1828
1018;1688
1019;1548
1020;1480
1021;1412
1022;1304
1023;1196
1024;1148
1025;1100
1026;1047
1027;995
1028;962
1029;929
1030;904
1031;879
1032;863
1033;847
1034;852
1035;857
1036;850
1037;844
1038;825
1039;806
1040;812
1041;818
1042;812
1043;806
1044;823
1045;840
1046;854
1047;868
1048;878
1049;889
1050;912
1051;935
1052;969
1053;1002
1054;1061
1055;1120
1056;1199
1057;1278
1058;1364
1059;1451
1060;1583
1061;1715
1062;1874
1063;2033
1064;2199
1065;2365
1066;2495
1067;2625
1068;2727
1069;2830
1070;2871
1071;2912
1072;2921
1073;2931
1074;2999
1075;3067
1076;3149
1077;3230
1078;3309
1079;3388
1080;3500
1081;3612
1082;3625
1083;3638
1084;3650
1085;3662
1086;3561
1087;3461
1088;3337
1089;3214
1090;3051
1091;2888
1092;2804
1093;2720
1094;2659
1095;2598
1096;2511
1097;2424
1098;2336
1099;2248
1100;2133
1101;2019
1102;1889
1103;1760
1104;1601
1105;1442
1106;1334
1107;1226
1108;1147
1109;1069
1110;1005
1111;941
1112;929
1113;918
1114;901
1115;884
1116;871
1117;858
1118;847
1119;837
1120;834
1121;832
1122;841
1123;850
1124;856
1125;861
1126;890
1127;919
1128;931
1129;944
1130;986
1131;1028
1132;1074
1133;1121
1134;1225
1135;1329
1136;1454
1137;1580
1138;1739
1139;1898
1140;2072
1141;2246
1142;2418
1143;2590
1144;2727
1145;2864
1146;2865
1147;2867
1148;2911
1149;2955
1150;3045
1151;3136
1152;3237
1153;3339
1154;3467
1155;3595
1156;3602
1157;3610
1158;3512
1159;3415
1160;3292
1161;3168
1162;3056
1163;2945
1164;2802
1165;2659
1166;2568
1167;2478
1168;2387
1169;2296
1170;2169
1171;2042
1172;1901
1173;1761
1174;1572
1175;1384
1176;1271
1177;1158
1178;1095
1179;1032
1180;1000
1181;969
1182;927
1183;885
1184;872
1185;860
1186;854
1187;848
1188;853
1189;858
1190;869
1191;880
1192;886
1193;892
1194;940
1195;988
1196;1003
1197;1019
1198;1081
1199;1143
1200;1293
1201;1444
1202;1604
1203;1764
1204;1956
1205;2147
1206;2361
1207;2576
1208;2671
1209;2767
1210;2843
1211;2919
1212;2963
1213;3008
1214;3065
1215;3122
1216;3268
1217;3415
1218;3475
1219;3535
1220;3465
1221;3394
1222;3262
1223;3129
1224;2951
1225;2774
1226;2664
1227;2554
1228;2443
1229;2333
1230;2211
1231;2089
1232;1934
1233;1779
1234;1603
1235;1428
1236;1285
1237;1141
1238;1073
1239;1006
1240;952
1241;898
1242;874
1243;851
1244;841
1245;831
1246;840
1247;848
1248;846
1249;845
1250;867
1251;890
1252;900
1253;909
1254;952
1255;996
1256;1096
1257;1197
1258;1303
1259;1409
1260;1621
1261;1832
1262;2081
1263;2329
1264;2493
1265;2657
1266;2732
1267;2808
1268;2823
1269;2838
1270;2949
1271;3060
1272;3179
1273;3298
1274;3341
1275;3385
1276;3272
1277;3160
1278;3002
1279;2844
1280;2694
1281;2544
1282;2473
1283;2402
1284;2255
1285;2109
1286;1932
1287;1755
1288;1571
1289;1387
1290;1215
1291;1043
1292;965
1293;888
1294;857
1295;827
1296;816
1297;805
1298;785
1299;766
1300;781
1301;796
1302;814
1303;832
1304;850
1305;869
1306;924
1307;980
1308;1033
1309;1086
1310;1232
1311;1379
1312;1635
1313;1891
1314;2072
1315;2254
1316;2441
1317;2627
1318;2664
1319;2701
1320;2768
1321;2835
1322;2997
1323;3159
1324;3187
1325;3216
1326;3158
1327;3101
1328;2924
1329;2748
1330;2608
1331;2468
1332;2376
1333;2285
1334;2138
1335;1991
1336;1787
1337;1583
1338;1396
1339;1210
1340;1089
1341;968
1342;902
1343;836
1344;817
1345;799
1346;777
1347;755
1348;765
1349;775
1350;793
1351;811
1352;836
1353;860
1354;911
1355;961
1356;1046
1357;1132
1358;1312
1359;1493
1360;1708
1361;1924
1362;2189
1363;2454
1364;2550
1365;2646
1366;2689
1367;2732
1368;2732
