# Strom: 4.04 A
# Magnetfeld: -407 mT
# Schnitt bei (722,485)
# Mittelung: 1 Pixel
# Magnetfeldsensor kalibriertPixel ; Red Value
1;642
2;607
3;573
4;503
5;433
6;392
7;351
8;312
9;273
10;261
11;249
12;245
13;242
14;233
15;225
16;227
17;229
18;226
19;223
20;224
21;225
22;227
23;229
24;220
25;212
26;218
27;225
28;221
29;218
30;236
31;254
32;271
33;289
34;269
35;249
36;251
37;254
38;242
39;231
40;237
41;243
42;250
43;258
44;264
45;271
46;272
47;273
48;280
49;287
50;288
51;289
52;295
53;302
54;314
55;327
56;339
57;351
58;363
59;376
60;434
61;493
62;531
63;569
64;573
65;577
66;596
67;615
68;542
69;469
70;422
71;376
72;341
73;307
74;290
75;273
76;252
77;231
78;236
79;242
80;230
81;218
82;220
83;222
84;220
85;218
86;218
87;218
88;212
89;207
90;206
91;205
92;220
93;236
94;225
95;214
96;233
97;253
98;243
99;234
100;246
101;258
102;260
103;263
104;246
105;229
106;238
107;247
108;249
109;251
110;258
111;265
112;266
113;267
114;257
115;247
116;260
117;274
118;283
119;293
120;298
121;303
122;299
123;296
124;293
125;291
126;292
127;293
128;306
129;320
130;326
131;333
132;363
133;393
134;420
135;447
136;493
137;540
138;613
139;686
140;731
141;777
142;717
143;658
144;641
145;624
146;585
147;547
148;489
149;431
150;406
151;382
152;362
153;342
154;311
155;280
156;275
157;271
158;259
159;247
160;251
161;256
162;255
163;254
164;246
165;238
166;228
167;218
168;230
169;243
170;246
171;249
172;236
173;223
174;229
175;236
176;247
177;258
178;248
179;238
180;246
181;254
182;257
183;260
184;260
185;260
186;258
187;256
188;275
189;294
190;301
191;309
192;301
193;293
194;296
195;300
196;277
197;254
198;259
199;265
200;257
201;249
202;263
203;278
204;277
205;276
206;281
207;287
208;280
209;273
210;299
211;325
212;318
213;311
214;305
215;300
216;310
217;320
218;312
219;305
220;309
221;314
222;315
223;316
224;317
225;318
226;333
227;349
228;360
229;371
230;404
231;438
232;449
233;460
234;488
235;516
236;554
237;593
238;636
239;680
240;693
241;706
242;721
243;737
244;688
245;640
246;623
247;606
248;567
249;529
250;493
251;458
252;428
253;398
254;391
255;385
256;379
257;373
258;355
259;338
260;321
261;305
262;289
263;274
264;286
265;298
266;280
267;263
268;251
269;240
270;250
271;260
272;259
273;258
274;257
275;256
276;253
277;251
278;245
279;240
280;249
281;258
282;243
283;229
284;227
285;225
286;233
287;242
288;248
289;254
290;241
291;229
292;235
293;242
294;251
295;260
296;252
297;245
298;248
299;251
300;276
301;302
302;295
303;289
304;282
305;276
306;282
307;289
308;303
309;318
310;318
311;318
312;323
313;329
314;325
315;322
316;331
317;340
318;331
319;322
320;318
321;314
322;324
323;334
324;331
325;329
326;336
327;344
328;312
329;280
330;296
331;313
332;301
333;289
334;291
335;293
336;283
337;274
338;269
339;265
340;274
341;283
342;288
343;293
344;304
345;316
346;320
347;324
348;314
349;305
350;312
351;320
352;320
353;320
354;320
355;320
356;311
357;303
358;324
359;345
360;338
361;331
362;334
363;338
364;331
365;325
366;319
367;314
368;331
369;349
370;338
371;327
372;345
373;364
374;341
375;318
376;321
377;325
378;324
379;324
380;321
381;318
382;343
383;369
384;353
385;338
386;350
387;362
388;350
389;338
390;356
391;374
392;366
393;358
394;361
395;365
396;355
397;345
398;371
399;398
400;397
401;396
402;408
403;420
404;433
405;447
406;461
407;475
408;478
409;482
410;485
411;489
412;483
413;478
414;499
415;520
416;552
417;584
418;575
419;566
420;586
421;606
422;616
423;626
424;640
425;655
426;661
427;668
428;669
429;671
430;693
431;715
432;717
433;720
434;728
435;737
436;746
437;755
438;757
439;759
440;739
441;719
442;739
443;759
444;758
445;757
446;776
447;795
448;796
449;797
450;803
451;810
452;821
453;833
454;843
455;853
456;846
457;839
458;825
459;811
460;846
461;882
462;876
463;871
464;875
465;879
466;873
467;868
468;864
469;861
470;880
471;899
472;892
473;886
474;874
475;862
476;876
477;891
478;886
479;881
480;881
481;882
482;884
483;886
484;883
485;881
486;891
487;902
488;905
489;908
490;906
491;904
492;887
493;870
494;866
495;862
496;881
497;901
498;897
499;893
500;916
501;939
502;913
503;888
504;872
505;857
506;869
507;882
508;855
509;828
510;857
511;886
512;871
513;857
514;869
515;881
516;870
517;859
518;877
519;895
520;888
521;881
522;869
523;857
524;838
525;820
526;813
527;806
528;820
529;835
530;821
531;808
532;788
533;769
534;765
535;762
536;743
537;724
538;734
539;744
540;717
541;691
542;693
543;695
544;686
545;678
546;648
547;618
548;609
549;600
550;583
551;567
552;561
553;555
554;550
555;546
556;531
557;516
558;481
559;447
560;462
561;478
562;463
563;449
564;427
565;405
566;419
567;433
568;416
569;400
570;390
571;380
572;373
573;367
574;354
575;342
576;348
577;354
578;345
579;336
580;326
581;316
582;327
583;338
584;326
585;314
586;313
587;313
588;327
589;342
590;334
591;327
592;314
593;302
594;302
595;302
596;317
597;333
598;314
599;296
600;294
601;293
602;306
603;320
604;332
605;345
606;330
607;316
608;310
609;305
610;296
611;287
612;292
613;298
614;298
615;298
616;293
617;289
618;294
619;300
620;286
621;273
622;281
623;289
624;293
625;298
626;280
627;262
628;262
629;262
630;269
631;276
632;276
633;276
634;280
635;285
636;289
637;294
638;287
639;280
640;280
641;280
642;294
643;309
644;299
645;289
646;307
647;325
648;327
649;329
650;332
651;336
652;327
653;318
654;309
655;300
656;302
657;305
658;307
659;309
660;306
661;303
662;306
663;309
664;287
665;265
666;280
667;296
668;289
669;282
670;282
671;282
672;273
673;265
674;265
675;265
676;263
677;262
678;260
679;258
680;248
681;238
682;236
683;234
684;238
685;243
686;246
687;249
688;251
689;254
690;250
691;247
692;249
693;251
694;254
695;258
696;261
697;265
698;273
699;282
700;272
701;262
702;272
703;282
704;292
705;302
706;308
707;314
708;332
709;351
710;347
711;344
712;351
713;358
714;408
715;458
716;486
717;515
718;538
719;562
720;605
721;648
722;701
723;755
724;777
725;799
726;826
727;853
728;825
729;797
730;769
731;742
732;709
733;677
734;620
735;564
736;548
737;533
738;490
739;447
740;414
741;382
742;375
743;369
744;336
745;303
746;305
747;307
748;312
749;318
750;318
751;318
752;300
753;282
754;299
755;316
756;322
757;329
758;308
759;287
760;276
761;265
762;261
763;258
764;263
765;269
766;266
767;263
768;265
769;267
770;270
771;273
772;273
773;273
774;279
775;285
776;295
777;305
778;304
779;303
780;300
781;298
782;283
783;269
784;273
785;278
786;261
787;245
788;253
789;262
790;256
791;251
792;246
793;242
794;248
795;254
796;248
797;243
798;246
799;249
800;254
801;260
802;257
803;254
804;260
805;267
806;262
807;258
808;270
809;282
810;289
811;296
812;318
813;340
814;326
815;313
816;344
817;376
818;415
819;455
820;513
821;571
822;621
823;671
824;755
825;840
826;850
827;861
828;843
829;826
830;777
831;729
832;670
833;611
834;565
835;520
836;465
837;411
838;388
839;365
840;373
841;382
842;366
843;351
844;328
845;305
846;316
847;327
848;325
849;324
850;313
851;303
852;287
853;271
854;269
855;267
856;260
857;254
858;261
859;269
860;281
861;293
862;305
863;318
864;305
865;293
866;294
867;296
868;284
869;273
870;272
871;271
872;262
873;253
874;251
875;249
876;250
877;251
878;238
879;225
880;232
881;240
882;234
883;229
884;241
885;254
886;269
887;285
888;281
889;278
890;276
891;274
892;285
893;296
894;319
895;342
896;359
897;376
898;434
899;493
900;537
901;582
902;632
903;682
904;696
905;711
906;672
907;633
908;576
909;520
910;468
911;416
912;381
913;347
914;333
915;320
916;305
917;291
918;291
