# Strom: 4.92 A
# Magnetfeld: -476 mT
# Schnitt bei (722,485)
# Mittelung: 1 Pixel
# Magnetfeldsensor kalibriertPixel ; Red Value
1;372
2;374
3;376
4;383
5;391
6;408
7;425
8;444
9;464
10;483
11;503
12;531
13;560
14;600
15;640
16;742
17;844
18;1019
19;1194
20;1287
21;1380
22;1309
23;1239
24;1101
25;963
26;890
27;818
28;739
29;660
30;641
31;623
32;594
33;566
34;563
35;559
36;523
37;488
38;468
39;448
40;419
41;391
42;381
43;372
44;375
45;378
46;380
47;381
48;396
49;412
50;447
51;482
52;504
53;526
54;542
55;559
56;588
57;617
58;668
59;719
60;847
61;975
62;1171
63;1366
64;1406
65;1446
66;1341
67;1235
68;1119
69;1002
70;902
71;803
72;738
73;674
74;662
75;651
76;631
77;611
78;585
79;559
80;539
81;518
82;486
83;454
84;440
85;426
86;408
87;389
88;393
89;397
90;393
91;390
92;398
93;407
94;423
95;439
96;475
97;511
98;522
99;534
100;559
101;585
102;618
103;650
104;697
105;744
106;843
107;942
108;1144
109;1346
110;1434
111;1522
112;1445
113;1369
114;1253
115;1137
116;1029
117;921
118;814
119;708
120;697
121;685
122;670
123;655
124;631
125;607
126;591
127;576
128;553
129;530
130;494
131;459
132;448
133;438
134;419
135;401
136;401
137;402
138;392
139;383
140;392
141;402
142;416
143;430
144;453
145;476
146;493
147;510
148;546
149;582
150;586
151;591
152;614
153;638
154;698
155;759
156;876
157;992
158;1159
159;1326
160;1440
161;1555
162;1509
163;1464
164;1378
165;1292
166;1158
167;1025
168;932
169;839
170;775
171;712
172;694
173;676
174;670
175;664
176;643
177;623
178;604
179;586
180;558
181;530
182;495
183;461
184;446
185;432
186;420
187;408
188;405
189;402
190;399
191;396
192;402
193;409
194;410
195;411
196;444
197;477
198;483
199;490
200;519
201;549
202;570
203;592
204;608
205;625
206;635
207;644
208;670
209;696
210;781
211;866
212;987
213;1109
214;1292
215;1476
216;1562
217;1648
218;1583
219;1518
220;1421
221;1324
222;1185
223;1047
224;968
225;889
226;822
227;756
228;728
229;700
230;686
231;673
232;660
233;647
234;628
235;608
236;601
237;595
238;547
239;500
240;484
241;469
242;453
243;437
244;429
245;421
246;409
247;398
248;412
249;425
250;408
251;391
252;400
253;409
254;414
255;420
256;437
257;454
258;482
259;511
260;534
261;558
262;571
263;585
264;605
265;625
266;645
267;666
268;671
269;677
270;715
271;753
272;813
273;873
274;993
275;1113
276;1292
277;1471
278;1562
279;1653
280;1640
281;1627
282;1536
283;1446
284;1334
285;1223
286;1111
287;999
288;942
289;886
290;824
291;763
292;738
293;713
294;707
295;701
296;692
297;684
298;666
299;648
300;627
301;606
302;587
303;569
304;548
305;526
306;508
307;491
308;462
309;433
310;421
311;410
312;418
313;427
314;418
315;410
316;407
317;404
318;400
319;396
320;397
321;399
322;415
323;431
324;441
325;451
326;462
327;473
328;502
329;532
330;554
331;577
332;594
333;611
334;622
335;634
336;615
337;597
338;631
339;666
340;678
341;691
342;742
343;793
344;872
345;950
346;1053
347;1156
348;1299
349;1443
350;1560
351;1678
352;1717
353;1757
354;1709
355;1662
356;1572
357;1481
358;1378
359;1275
360;1184
361;1092
362;1019
363;947
364;901
365;855
366;823
367;792
368;756
369;719
370;711
371;703
372;684
373;666
374;681
375;696
376;677
377;657
378;638
379;618
380;607
381;595
382;576
383;556
384;541
385;526
386;497
387;467
388;455
389;443
390;431
391;420
392;423
393;426
394;410
395;393
396;395
397;397
398;402
399;406
400;401
401;397
402;392
403;387
404;396
405;404
406;407
407;410
408;434
409;458
410;471
411;484
412;507
413;529
414;544
415;559
416;573
417;588
418;595
419;603
420;615
421;628
422;620
423;612
424;629
425;647
426;658
427;669
428;683
429;696
430;727
431;757
432;803
433;849
434;910
435;972
436;1063
437;1154
438;1259
439;1364
440;1475
441;1586
442;1673
443;1760
444;1783
445;1807
446;1779
447;1751
448;1673
449;1595
450;1550
451;1506
452;1426
453;1346
454;1267
455;1189
456;1121
457;1054
458;1004
459;954
460;915
461;876
462;856
463;837
464;787
465;737
466;736
467;734
468;726
469;717
470;716
471;716
472;702
473;688
474;690
475;693
476;684
477;676
478;671
479;666
480;645
481;624
482;621
483;618
484;592
485;566
486;554
487;543
488;540
489;537
490;524
491;511
492;485
493;458
494;458
495;459
496;450
497;441
498;436
499;432
500;430
501;428
502;417
503;406
504;403
505;401
506;403
507;405
508;393
509;382
510;386
511;391
512;391
513;391
514;396
515;401
516;398
517;395
518;406
519;417
520;418
521;420
522;417
523;414
524;428
525;443
526;451
527;459
528;486
529;513
530;513
531;514
532;524
533;534
534;542
535;550
536;557
537;565
538;585
539;605
540;632
541;658
542;648
543;639
544;639
545;639
546;636
547;633
548;644
549;656
550;655
551;655
552;659
553;663
554;670
555;677
556;682
557;687
558;704
559;720
560;726
561;733
562;742
563;752
564;776
565;801
566;821
567;840
568;867
569;895
570;938
571;981
572;1020
573;1060
574;1116
575;1172
576;1214
577;1256
578;1302
579;1349
580;1410
581;1472
582;1542
583;1612
584;1645
585;1679
586;1718
587;1757
588;1760
589;1764
590;1801
591;1839
592;1831
593;1823
594;1823
595;1822
596;1833
597;1844
598;1822
599;1801
600;1759
601;1717
602;1677
603;1638
604;1617
605;1596
606;1565
607;1535
608;1507
609;1479
610;1458
611;1437
612;1405
613;1372
614;1320
615;1269
616;1231
617;1194
618;1193
619;1193
620;1155
621;1117
622;1101
623;1084
624;1063
625;1041
626;1033
627;1025
628;1013
629;1002
630;962
631;921
632;913
633;904
634;897
635;890
636;878
637;867
638;862
639;858
640;835
641;812
642;813
643;814
644;796
645;779
646;779
647;779
648;759
649;738
650;752
651;766
652;775
653;785
654;766
655;748
656;745
657;743
658;747
659;751
660;746
661;740
662;723
663;706
664;714
665;722
666;723
667;724
668;727
669;730
670;735
671;741
672;744
673;748
674;745
675;742
676;728
677;714
678;730
679;746
680;737
681;727
682;739
683;752
684;739
685;727
686;722
687;717
688;711
689;706
690;703
691;701
692;714
693;728
694;720
695;712
696;697
697;683
698;678
699;673
700;674
701;675
702;687
703;699
704;686
705;672
706;680
707;688
708;696
709;704
710;697
711;690
712;696
713;703
714;692
715;681
716;690
717;699
718;703
719;707
720;694
721;682
722;690
723;698
724;709
725;720
726;709
727;697
728;702
729;707
730;710
731;714
732;715
733;716
734;716
735;717
736;707
737;698
738;699
739;700
740;696
741;691
742;709
743;727
744;716
745;706
746;712
747;718
748;697
749;677
750;676
751;675
752;679
753;684
754;682
755;680
756;690
757;700
758;699
759;699
760;696
761;693
762;705
763;718
764;711
765;704
766;711
767;718
768;711
769;703
770;698
771;694
772;702
773;711
774;711
775;711
776;723
777;736
778;732
779;727
780;730
781;733
782;729
783;725
784;721
785;717
786;735
787;754
788;765
789;777
790;768
791;759
792;757
793;756
794;782
795;808
796;807
797;806
798;843
799;879
800;889
801;899
802;912
803;926
804;943
805;960
806;964
807;968
808;1002
809;1036
810;1053
811;1070
812;1096
813;1123
814;1136
815;1149
816;1169
817;1190
818;1230
819;1271
820;1316
821;1361
822;1366
823;1371
824;1429
825;1488
826;1492
827;1496
828;1546
829;1597
830;1622
831;1648
832;1683
833;1718
834;1732
835;1747
836;1759
837;1771
838;1804
839;1838
840;1811
841;1784
842;1775
843;1767
844;1787
845;1807
846;1783
847;1759
848;1724
849;1689
850;1665
851;1640
852;1581
853;1523
854;1461
855;1400
856;1366
857;1331
858;1274
859;1217
860;1159
861;1101
862;1078
863;1055
864;1000
865;946
866;924
867;902
868;861
869;820
870;797
871;775
872;781
873;788
874;764
875;739
876;748
877;756
878;743
879;729
880;728
881;727
882;726
883;725
884;706
885;688
886;694
887;700
888;692
889;684
890;682
891;680
892;659
893;637
894;624
895;610
896;611
897;613
898;584
899;556
900;543
901;531
902;540
903;549
904;532
905;516
906;502
907;488
908;479
909;471
910;466
911;461
912;445
913;430
914;435
915;441
916;417
917;394
918;410
919;426
920;409
921;393
922;394
923;395
924;397
925;398
926;384
927;370
928;380
929;390
930;396
931;402
932;409
933;417
934;412
935;408
936;419
937;430
938;426
939;422
940;441
941;461
942;472
943;483
944;494
945;505
946;526
947;546
948;542
949;538
950;576
951;615
952;624
953;633
954;644
955;656
956;677
957;698
958;692
959;686
960;691
961;697
962;696
963;695
964;693
965;691
966;688
967;685
968;708
969;731
970;745
971;760
972;786
973;813
974;856
975;900
976;989
977;1078
978;1122
979;1167
980;1266
981;1365
982;1432
983;1498
984;1565
985;1631
986;1667
987;1703
988;1748
989;1793
990;1742
991;1691
992;1700
993;1710
994;1622
995;1535
996;1446
997;1358
998;1245
999;1132
1000;1067
1001;1003
1002;938
1003;874
1004;816
1005;759
1006;748
1007;736
1008;708
1009;679
1010;679
1011;680
1012;684
1013;689
1014;670
1015;651
1016;644
1017;637
1018;607
1019;578
1020;582
1021;586
1022;559
1023;532
1024;507
1025;483
1026;481
1027;479
1028;449
1029;420
1030;413
1031;407
1032;406
1033;404
1034;398
1035;391
1036;390
1037;389
1038;381
1039;374
1040;390
1041;405
1042;409
1043;413
1044;417
1045;421
1046;429
1047;436
1048;456
1049;477
1050;494
1051;512
1052;545
1053;579
1054;592
1055;605
1056;612
1057;620
1058;641
1059;662
1060;670
1061;678
1062;662
1063;646
1064;668
1065;689
1066;689
1067;689
1068;730
1069;771
1070;822
1071;872
1072;964
1073;1056
1074;1132
1075;1209
1076;1333
1077;1457
1078;1523
1079;1589
1080;1620
1081;1652
1082;1639
1083;1627
1084;1595
1085;1563
1086;1477
1087;1391
1088;1278
1089;1165
1090;1049
1091;932
1092;881
1093;829
1094;777
1095;726
1096;714
1097;703
1098;683
1099;664
1100;652
1101;640
1102;620
1103;599
1104;600
1105;600
1106;572
1107;544
1108;510
1109;476
1110;474
1111;473
1112;437
1113;401
1114;394
1115;388
1116;389
1117;391
1118;391
1119;391
1120;400
1121;410
1122;412
1123;415
1124;417
1125;418
1126;440
1127;462
1128;480
1129;497
1130;520
1131;542
1132;568
1133;594
1134;613
1135;633
1136;639
1137;645
1138;653
1139;662
1140;669
1141;676
1142;683
1143;689
1144;740
1145;791
1146;859
1147;928
1148;1030
1149;1132
1150;1252
1151;1373
1152;1482
1153;1592
1154;1607
1155;1623
1156;1591
1157;1559
1158;1495
1159;1430
1160;1293
1161;1155
1162;1038
1163;920
1164;838
1165;757
1166;734
1167;712
1168;687
1169;663
1170;648
1171;633
1172;616
1173;600
1174;573
1175;546
1176;529
1177;513
1178;480
1179;448
1180;415
1181;382
1182;394
1183;407
1184;390
1185;374
1186;373
1187;373
1188;386
1189;399
1190;390
1191;382
1192;418
1193;453
1194;468
1195;484
1196;507
1197;531
1198;563
1199;595
1200;617
1201;640
1202;658
1203;676
1204;676
1205;675
1206;662
1207;648
1208;709
1209;770
1210;835
1211;899
1212;1027
1213;1154
1214;1287
1215;1419
1216;1469
1217;1518
1218;1509
1219;1501
1220;1447
1221;1394
1222;1261
1223;1129
1224;1009
1225;889
1226;817
1227;746
1228;708
1229;671
1230;649
1231;627
1232;610
1233;594
1234;581
1235;569
1236;533
1237;497
1238;465
1239;433
1240;415
1241;396
1242;391
1243;386
1244;373
1245;360
1246;365
1247;371
1248;389
1249;408
1250;415
1251;423
1252;443
1253;463
1254;495
1255;527
1256;562
1257;597
1258;612
1259;626
1260;647
1261;667
1262;663
1263;659
1264;672
1265;686
1266;772
1267;858
1268;968
1269;1079
1270;1216
1271;1354
1272;1403
1273;1452
1274;1439
1275;1425
1276;1340
1277;1255
1278;1111
1279;967
1280;870
1281;773
1282;719
1283;666
1284;647
1285;629
1286;611
1287;593
1288;558
1289;522
1290;516
1291;509
1292;475
1293;441
1294;419
1295;398
1296;389
1297;381
1298;379
1299;377
1300;378
1301;379
1302;388
1303;397
1304;418
1305;438
1306;466
1307;494
1308;537
1309;580
1310;597
1311;613
1312;630
1313;647
1314;653
1315;659
1316;718
1317;777
1318;849
1319;921
1320;1081
1321;1241
1322;1325
1323;1408
1324;1409
1325;1410
1326;1329
1327;1247
1328;1105
1329;962
1330;860
1331;758
1332;710
1333;662
1334;649
1335;636
1336;609
1337;582
1338;548
1339;515
1340;488
1341;461
1342;431
1343;401
1344;394
1345;388
1346;379
1347;370
1348;373
1349;375
1350;397
1351;419
1352;422
1353;426
1354;458
1355;491
1356;536
1357;582
1358;601
1359;621
1360;637
1361;654
1362;677
1363;700
1364;761
1365;821
1366;954
1367;1087
1368;1087
