# Strom: 4.79 A
# Magnetfeld: -466 mT
# Schnitt bei (722,485)
# Mittelung: 1 Pixel
# Magnetfeldsensor kalibriertPixel ; Red Value
1;1144
2;1167
3;1190
4;1265
5;1341
6;1571
7;1802
8;2048
9;2294
10;2329
11;2365
12;2259
13;2153
14;2078
15;2004
16;2145
17;2287
18;2682
19;3077
20;3304
21;3532
22;3328
23;3124
24;2794
25;2464
26;2342
27;2220
28;2252
29;2284
30;2459
31;2633
32;2648
33;2662
34;2392
35;2123
36;1906
37;1689
38;1556
39;1424
40;1337
41;1251
42;1221
43;1192
44;1188
45;1183
46;1257
47;1332
48;1514
49;1696
50;1980
51;2264
52;2329
53;2394
54;2326
55;2258
56;2156
57;2054
58;2102
59;2151
60;2383
61;2615
62;3030
63;3446
64;3527
65;3609
66;3329
67;3050
68;2785
69;2521
70;2375
71;2229
72;2262
73;2295
74;2478
75;2662
76;2696
77;2731
78;2516
79;2301
80;2059
81;1817
82;1646
83;1476
84;1398
85;1321
86;1261
87;1201
88;1197
89;1193
90;1222
91;1251
92;1365
93;1479
94;1709
95;1939
96;2186
97;2434
98;2494
99;2554
100;2455
101;2356
102;2278
103;2201
104;2192
105;2183
106;2412
107;2642
108;3042
109;3441
110;3661
111;3881
112;3668
113;3455
114;3141
115;2826
116;2589
117;2352
118;2360
119;2369
120;2486
121;2603
122;2727
123;2851
124;2822
125;2792
126;2527
127;2261
128;2052
129;1844
130;1703
131;1562
132;1470
133;1377
134;1328
135;1278
136;1245
137;1212
138;1237
139;1262
140;1323
141;1385
142;1562
143;1740
144;2022
145;2304
146;2460
147;2616
148;2584
149;2553
150;2440
151;2327
152;2286
153;2246
154;2246
155;2246
156;2479
157;2713
158;3091
159;3470
160;3769
161;4069
162;3893
163;3717
164;3401
165;3085
166;2837
167;2590
168;2503
169;2416
170;2429
171;2442
172;2615
173;2788
174;2894
175;2999
176;2902
177;2805
178;2568
179;2332
180;2124
181;1917
182;1763
183;1609
184;1500
185;1391
186;1348
187;1305
188;1283
189;1262
190;1242
191;1223
192;1271
193;1320
194;1418
195;1517
196;1698
197;1880
198;2143
199;2406
200;2538
201;2670
202;2677
203;2684
204;2591
205;2498
206;2400
207;2303
208;2287
209;2271
210;2395
211;2520
212;2803
213;3086
214;3464
215;3842
216;3968
217;4095
218;3935
219;3776
220;3484
221;3192
222;2949
223;2705
224;2590
225;2474
226;2464
227;2455
228;2584
229;2713
230;2858
231;3004
232;3018
233;3033
234;2887
235;2742
236;2518
237;2294
238;2091
239;1889
240;1750
241;1612
242;1524
243;1436
244;1392
245;1348
246;1316
247;1284
248;1271
249;1259
250;1269
251;1280
252;1347
253;1414
254;1516
255;1618
256;1820
257;2023
258;2235
259;2448
260;2590
261;2731
262;2752
263;2773
264;2680
265;2588
266;2523
267;2459
268;2435
269;2410
270;2407
271;2404
272;2537
273;2670
274;2979
275;3288
276;3598
277;3909
278;4002
279;4095
280;4047
281;3999
282;3744
283;3490
284;3271
285;3052
286;2866
287;2681
288;2611
289;2541
290;2575
291;2609
292;2705
293;2801
294;2952
295;3103
296;3153
297;3203
298;3119
299;3035
300;2817
301;2599
302;2406
303;2213
304;2036
305;1860
306;1776
307;1691
308;1593
309;1496
310;1441
311;1386
312;1371
313;1356
314;1341
315;1326
316;1312
317;1299
318;1332
319;1366
320;1412
321;1457
322;1541
323;1625
324;1783
325;1941
326;2145
327;2349
328;2532
329;2715
330;2784
331;2853
332;2852
333;2851
334;2772
335;2693
336;2651
337;2609
338;2552
339;2495
340;2470
341;2446
342;2509
343;2572
344;2714
345;2856
346;3120
347;3384
348;3706
349;4029
350;4062
351;4095
352;4095
353;4095
354;4080
355;4065
356;3809
357;3554
358;3328
359;3102
360;2968
361;2834
362;2769
363;2705
364;2642
365;2579
366;2657
367;2736
368;2807
369;2879
370;3024
371;3169
372;3248
373;3327
374;3286
375;3246
376;3093
377;2941
378;2787
379;2632
380;2476
381;2319
382;2180
383;2041
384;1934
385;1827
386;1746
387;1666
388;1621
389;1577
390;1520
391;1464
392;1422
393;1381
394;1346
395;1311
396;1301
397;1291
398;1292
399;1294
400;1319
401;1345
402;1382
403;1420
404;1501
405;1582
406;1659
407;1736
408;1889
409;2043
410;2191
411;2338
412;2478
413;2619
414;2726
415;2833
416;2874
417;2914
418;2859
419;2804
420;2804
421;2805
422;2771
423;2738
424;2689
425;2640
426;2611
427;2581
428;2574
429;2567
430;2582
431;2597
432;2663
433;2729
434;2847
435;2966
436;3210
437;3453
438;3620
439;3786
440;3940
441;4095
442;4095
443;4095
444;4095
445;4095
446;4095
447;4095
448;3948
449;3801
450;3617
451;3434
452;3336
453;3238
454;3089
455;2940
456;2888
457;2836
458;2771
459;2706
460;2689
461;2672
462;2678
463;2683
464;2749
465;2815
466;2882
467;2948
468;3048
469;3147
470;3254
471;3361
472;3341
473;3321
474;3299
475;3277
476;3191
477;3105
478;2963
479;2821
480;2703
481;2585
482;2470
483;2356
484;2268
485;2180
486;2085
487;1990
488;1937
489;1884
490;1825
491;1767
492;1728
493;1689
494;1646
495;1602
496;1544
497;1486
498;1465
499;1444
500;1433
501;1422
502;1408
503;1395
504;1368
505;1342
506;1336
507;1330
508;1321
509;1313
510;1315
511;1317
512;1316
513;1315
514;1343
515;1371
516;1427
517;1484
518;1504
519;1525
520;1608
521;1692
522;1752
523;1812
524;1916
525;2021
526;2123
527;2226
528;2310
529;2394
530;2481
531;2568
532;2631
533;2694
534;2782
535;2871
536;2905
537;2940
538;2969
539;2999
540;2985
541;2971
542;2971
543;2971
544;2960
545;2949
546;2944
547;2940
548;2883
549;2826
550;2805
551;2784
552;2772
553;2760
554;2700
555;2641
556;2681
557;2722
558;2688
559;2655
560;2630
561;2606
562;2657
563;2709
564;2752
565;2795
566;2855
567;2915
568;2957
569;2999
570;3069
571;3138
572;3232
573;3326
574;3418
575;3511
576;3647
577;3782
578;3917
579;4053
580;4074
581;4095
582;4095
583;4095
584;4095
585;4095
586;4095
587;4095
588;4095
589;4095
590;4095
591;4095
592;4095
593;4095
594;4095
595;4095
596;4095
597;4095
598;4095
599;4095
600;4058
601;4021
602;3950
603;3879
604;3790
605;3702
606;3658
607;3614
608;3568
609;3522
610;3458
611;3394
612;3318
613;3243
614;3248
615;3254
616;3180
617;3107
618;3072
619;3038
620;2999
621;2960
622;2959
623;2959
624;2987
625;3015
626;2939
627;2864
628;2833
629;2803
630;2831
631;2859
632;2828
633;2796
634;2807
635;2817
636;2829
637;2842
638;2856
639;2870
640;2904
641;2939
642;2924
643;2909
644;2932
645;2955
646;2980
647;3005
648;3013
649;3021
650;3038
651;3056
652;3073
653;3090
654;3101
655;3112
656;3189
657;3266
658;3244
659;3222
660;3266
661;3311
662;3323
663;3335
664;3351
665;3368
666;3372
667;3376
668;3375
669;3373
670;3399
671;3426
672;3413
673;3400
674;3406
675;3412
676;3410
677;3409
678;3431
679;3454
680;3471
681;3488
682;3464
683;3441
684;3424
685;3408
686;3437
687;3466
688;3419
689;3373
690;3387
691;3402
692;3409
693;3416
694;3430
695;3445
696;3393
697;3342
698;3328
699;3313
700;3323
701;3332
702;3320
703;3307
704;3290
705;3273
706;3296
707;3319
708;3305
709;3290
710;3285
711;3279
712;3265
713;3252
714;3252
715;3253
716;3281
717;3310
718;3310
719;3310
720;3302
721;3294
722;3305
723;3316
724;3321
725;3327
726;3347
727;3367
728;3356
729;3345
730;3327
731;3310
732;3296
733;3282
734;3335
735;3389
736;3373
737;3357
738;3397
739;3438
740;3439
741;3440
742;3397
743;3353
744;3376
745;3399
746;3378
747;3358
748;3349
749;3341
750;3359
751;3378
752;3378
753;3379
754;3361
755;3344
756;3362
757;3380
758;3351
759;3322
760;3351
761;3379
762;3344
763;3309
764;3311
765;3312
766;3314
767;3315
768;3285
769;3256
770;3241
771;3226
772;3182
773;3138
774;3135
775;3133
776;3119
777;3105
778;3128
779;3151
780;3112
781;3074
782;3062
783;3051
784;3025
785;3000
786;2972
787;2944
788;2930
789;2917
790;2910
791;2903
792;2884
793;2865
794;2835
795;2806
796;2805
797;2804
798;2792
799;2780
800;2802
801;2824
802;2837
803;2850
804;2870
805;2890
806;2852
807;2814
808;2820
809;2827
810;2867
811;2908
812;2909
813;2909
814;2973
815;3037
816;3037
817;3037
818;3126
819;3214
820;3242
821;3270
822;3315
823;3360
824;3419
825;3478
826;3561
827;3644
828;3715
829;3787
830;3860
831;3933
832;3974
833;4016
834;4055
835;4095
836;4095
837;4095
838;4095
839;4095
840;4095
841;4095
842;4095
843;4095
844;4095
845;4095
846;4095
847;4095
848;4095
849;4095
850;4095
851;4095
852;4085
853;4075
854;4035
855;3996
856;3942
857;3889
858;3802
859;3716
860;3613
861;3510
862;3396
863;3281
864;3209
865;3136
866;3086
867;3036
868;2960
869;2884
870;2818
871;2752
872;2768
873;2783
874;2750
875;2718
876;2771
877;2825
878;2840
879;2856
880;2889
881;2922
882;2924
883;2926
884;2963
885;3000
886;3005
887;3009
888;3018
889;3026
890;3030
891;3034
892;3016
893;2999
894;2950
895;2901
896;2895
897;2890
898;2869
899;2848
900;2797
901;2747
902;2700
903;2654
904;2563
905;2471
906;2406
907;2342
908;2238
909;2135
910;2087
911;2040
912;1954
913;1869
914;1780
915;1692
916;1643
917;1593
918;1534
919;1476
920;1424
921;1373
922;1358
923;1344
924;1301
925;1258
926;1262
927;1266
928;1262
929;1259
930;1257
931;1256
932;1272
933;1288
934;1284
935;1280
936;1307
937;1334
938;1377
939;1420
940;1450
941;1481
942;1532
943;1584
944;1651
945;1718
946;1799
947;1881
948;1971
949;2061
950;2195
951;2329
952;2430
953;2530
954;2691
955;2852
956;2931
957;3009
958;3091
959;3172
960;3225
961;3278
962;3313
963;3348
964;3307
965;3267
966;3212
967;3157
968;3059
969;2960
970;2887
971;2814
972;2782
973;2750
974;2731
975;2713
976;2753
977;2792
978;2885
979;2978
980;3127
981;3275
982;3422
983;3570
984;3727
985;3884
986;3989
987;4095
988;4095
989;4095
990;4095
991;4095
992;4095
993;4095
994;4095
995;4095
996;3984
997;3874
998;3658
999;3443
1000;3296
1001;3148
1002;2995
1003;2842
1004;2794
1005;2746
1006;2721
1007;2696
1008;2711
1009;2726
1010;2750
1011;2774
1012;2827
1013;2881
1014;2922
1015;2964
1016;2961
1017;2959
1018;2906
1019;2853
1020;2794
1021;2735
1022;2639
1023;2543
1024;2444
1025;2344
1026;2214
1027;2085
1028;1964
1029;1843
1030;1727
1031;1610
1032;1519
1033;1428
1034;1394
1035;1360
1036;1335
1037;1311
1038;1282
1039;1254
1040;1253
1041;1253
1042;1283
1043;1314
1044;1329
1045;1345
1046;1380
1047;1415
1048;1492
1049;1569
1050;1661
1051;1754
1052;1872
1053;1990
1054;2149
1055;2308
1056;2465
1057;2622
1058;2774
1059;2925
1060;3018
1061;3111
1062;3145
1063;3179
1064;3130
1065;3081
1066;2980
1067;2880
1068;2793
1069;2706
1070;2647
1071;2588
1072;2630
1073;2672
1074;2811
1075;2950
1076;3150
1077;3351
1078;3568
1079;3785
1080;3940
1081;4095
1082;4095
1083;4095
1084;4085
1085;4075
1086;3945
1087;3815
1088;3576
1089;3338
1090;3137
1091;2936
1092;2812
1093;2688
1094;2625
1095;2562
1096;2591
1097;2620
1098;2690
1099;2760
1100;2779
1101;2798
1102;2794
1103;2791
1104;2727
1105;2663
1106;2589
1107;2515
1108;2374
1109;2233
1110;2101
1111;1969
1112;1800
1113;1631
1114;1535
1115;1440
1116;1382
1117;1325
1118;1292
1119;1260
1120;1264
1121;1269
1122;1272
1123;1275
1124;1311
1125;1348
1126;1408
1127;1469
1128;1568
1129;1667
1130;1790
1131;1914
1132;2129
1133;2344
1134;2534
1135;2725
1136;2857
1137;2988
1138;3069
1139;3149
1140;3120
1141;3090
1142;2986
1143;2883
1144;2756
1145;2630
1146;2585
1147;2541
1148;2662
1149;2783
1150;3018
1151;3253
1152;3513
1153;3774
1154;3934
1155;4095
1156;4095
1157;4095
1158;4019
1159;3943
1160;3674
1161;3406
1162;3153
1163;2900
1164;2756
1165;2612
1166;2588
1167;2564
1168;2619
1169;2673
1170;2704
1171;2734
1172;2762
1173;2790
1174;2725
1175;2661
1176;2516
1177;2372
1178;2216
1179;2059
1180;1889
1181;1719
1182;1592
1183;1466
1184;1383
1185;1300
1186;1265
1187;1231
1188;1232
1189;1233
1190;1257
1191;1282
1192;1339
1193;1397
1194;1520
1195;1643
1196;1777
1197;1911
1198;2115
1199;2319
1200;2556
1201;2794
1202;2940
1203;3087
1204;3099
1205;3111
1206;2989
1207;2866
1208;2725
1209;2584
1210;2554
1211;2525
1212;2690
1213;2856
1214;3122
1215;3388
1216;3628
1217;3869
1218;3951
1219;4033
1220;3955
1221;3877
1222;3574
1223;3270
1224;3003
1225;2735
1226;2607
1227;2480
1228;2479
1229;2479
1230;2582
1231;2685
1232;2679
1233;2673
1234;2640
1235;2607
1236;2494
1237;2381
1238;2181
1239;1982
1240;1800
1241;1618
1242;1489
1243;1360
1244;1306
1245;1252
1246;1213
1247;1174
1248;1209
1249;1244
1250;1284
1251;1324
1252;1444
1253;1564
1254;1751
1255;1939
1256;2154
1257;2369
1258;2585
1259;2802
1260;2908
1261;3015
1262;2944
1263;2873
1264;2736
1265;2600
1266;2528
1267;2457
1268;2561
1269;2665
1270;2994
1271;3323
1272;3575
1273;3827
1274;3882
1275;3937
1276;3728
1277;3519
1278;3236
1279;2953
1280;2714
1281;2476
1282;2465
1283;2454
1284;2495
1285;2536
1286;2582
1287;2629
1288;2602
1289;2575
1290;2423
1291;2271
1292;2054
1293;1837
1294;1643
1295;1449
1296;1334
1297;1220
1298;1211
1299;1203
1300;1194
1301;1186
1302;1235
1303;1283
1304;1361
1305;1440
1306;1604
1307;1769
1308;2023
1309;2278
1310;2493
1311;2709
1312;2847
1313;2985
1314;2845
1315;2705
1316;2552
1317;2399
1318;2417
1319;2434
1320;2646
1321;2859
1322;3202
1323;3546
1324;3714
1325;3883
1326;3739
1327;3595
1328;3230
1329;2865
1330;2623
1331;2382
1332;2359
1333;2336
1334;2389
1335;2442
1336;2520
1337;2599
1338;2489
1339;2380
1340;2202
1341;2023
1342;1801
1343;1579
1344;1408
1345;1238
1346;1189
1347;1141
1348;1159
1349;1177
1350;1214
1351;1252
1352;1356
1353;1461
1354;1601
1355;1741
1356;2018
1357;2296
1358;2547
1359;2798
1360;2856
1361;2915
1362;2753
1363;2592
1364;2471
1365;2349
1366;2443
1367;2537
1368;2537
