# Strom: 1.90 A
# Magnetfeld: -206 mT
# Schnitt bei (722,485)
# Mittelung: 1 Pixel
# Magnetfeldsensor kalibriertPixel ; Red Value
1;673
2;651
3;630
4;640
5;651
6;675
7;699
8;721
9;744
10;815
11;886
12;1068
13;1250
14;1516
15;1783
16;2032
17;2280
18;2482
19;2683
20;2903
21;3124
22;3056
23;2989
24;2885
25;2781
26;2520
27;2259
28;1999
29;1739
30;1500
31;1262
32;1144
33;1026
34;942
35;858
36;812
37;766
38;735
39;704
40;699
41;694
42;689
43;684
44;656
45;629
46;643
47;657
48;673
49;689
50;706
51;723
52;764
53;805
54;927
55;1049
56;1275
57;1501
58;1767
59;2033
60;2255
61;2478
62;2737
63;2997
64;3098
65;3200
66;3117
67;3035
68;2904
69;2773
70;2508
71;2244
72;1983
73;1722
74;1509
75;1295
76;1180
77;1064
78;980
79;896
80;852
81;808
82;776
83;745
84;722
85;700
86;692
87;685
88;696
89;706
90;706
91;706
92;689
93;673
94;696
95;720
96;755
97;789
98;851
99;913
100;1008
101;1102
102;1349
103;1596
104;1855
105;2115
106;2294
107;2474
108;2741
109;3009
110;3151
111;3292
112;3232
113;3172
114;3074
115;2977
116;2796
117;2615
118;2355
119;2095
120;1832
121;1569
122;1420
123;1271
124;1164
125;1058
126;970
127;881
128;840
129;799
130;778
131;758
132;733
133;709
134;700
135;690
136;689
137;688
138;680
139;672
140;668
141;665
142;695
143;725
144;760
145;796
146;819
147;842
148;908
149;975
150;1114
151;1253
152;1487
153;1721
154;1975
155;2228
156;2437
157;2646
158;2837
159;3027
160;3246
161;3465
162;3392
163;3318
164;3247
165;3176
166;3009
167;2843
168;2636
169;2430
170;2158
171;1887
172;1687
173;1488
174;1358
175;1228
176;1132
177;1037
178;983
179;929
180;895
181;860
182;820
183;779
184;745
185;711
186;730
187;750
188;726
189;702
190;697
191;691
192;688
193;686
194;702
195;718
196;717
197;717
198;738
199;760
200;812
201;864
202;924
203;984
204;1098
205;1212
206;1423
207;1634
208;1903
209;2172
210;2358
211;2545
212;2709
213;2874
214;3110
215;3347
216;3462
217;3577
218;3511
219;3446
220;3335
221;3224
222;3105
223;2986
224;2757
225;2529
226;2294
227;2060
228;1863
229;1666
230;1523
231;1381
232;1262
233;1143
234;1071
235;1000
236;951
237;903
238;876
239;849
240;816
241;783
242;752
243;720
244;723
245;726
246;730
247;734
248;722
249;710
250;710
251;710
252;723
253;736
254;744
255;752
256;759
257;766
258;801
259;837
260;844
261;851
262;915
263;979
264;1066
265;1153
266;1304
267;1456
268;1668
269;1879
270;2104
271;2329
272;2515
273;2701
274;2849
275;2997
276;3199
277;3400
278;3558
279;3717
280;3666
281;3616
282;3517
283;3419
284;3336
285;3254
286;3144
287;3034
288;2793
289;2553
290;2336
291;2119
292;1939
293;1760
294;1598
295;1437
296;1334
297;1232
298;1143
299;1055
300;1021
301;988
302;948
303;909
304;878
305;847
306;839
307;831
308;797
309;764
310;747
311;730
312;729
313;728
314;724
315;720
316;718
317;716
318;730
319;745
320;745
321;745
322;745
323;745
324;763
325;781
326;788
327;794
328;814
329;835
330;871
331;907
332;961
333;1016
334;1085
335;1154
336;1287
337;1421
338;1580
339;1739
340;1972
341;2205
342;2379
343;2553
344;2658
345;2763
346;2971
347;3179
348;3342
349;3504
350;3629
351;3755
352;3796
353;3837
354;3792
355;3746
356;3669
357;3593
358;3483
359;3374
360;3274
361;3175
362;3025
363;2875
364;2671
365;2467
366;2252
367;2038
368;1892
369;1746
370;1636
371;1526
372;1425
373;1324
374;1270
375;1215
376;1140
377;1064
378;1038
379;1012
380;983
381;953
382;927
383;901
384;863
385;825
386;823
387;822
388;803
389;785
390;770
391;756
392;762
393;768
394;753
395;738
396;732
397;726
398;715
399;704
400;698
401;693
402;712
403;731
404;728
405;726
406;734
407;743
408;749
409;756
410;780
411;805
412;833
413;862
414;870
415;879
416;920
417;961
418;1019
419;1078
420;1133
421;1189
422;1274
423;1359
424;1486
425;1613
426;1731
427;1849
428;2006
429;2163
430;2295
431;2427
432;2571
433;2716
434;2839
435;2962
436;3079
437;3196
438;3315
439;3434
440;3576
441;3718
442;3783
443;3848
444;3894
445;3940
446;3863
447;3787
448;3753
449;3720
450;3664
451;3608
452;3559
453;3511
454;3423
455;3335
456;3221
457;3108
458;2971
459;2833
460;2687
461;2542
462;2423
463;2304
464;2162
465;2020
466;1901
467;1782
468;1687
469;1591
470;1523
471;1455
472;1363
473;1271
474;1231
475;1191
476;1133
477;1074
478;1049
479;1025
480;998
481;971
482;960
483;949
484;937
485;926
486;902
487;879
488;871
489;862
490;845
491;828
492;833
493;837
494;842
495;847
496;816
497;786
498;781
499;776
500;774
501;773
502;766
503;759
504;746
505;733
506;726
507;719
508;725
509;730
510;726
511;721
512;713
513;705
514;722
515;739
516;742
517;744
518;737
519;729
520;742
521;756
522;763
523;771
524;762
525;754
526;781
527;809
528;806
529;803
530;834
531;866
532;899
533;932
534;935
535;937
536;970
537;1003
538;1034
539;1064
540;1061
541;1057
542;1080
543;1103
544;1143
545;1182
546;1230
547;1278
548;1340
549;1402
550;1438
551;1474
552;1565
553;1657
554;1708
555;1760
556;1867
557;1974
558;2057
559;2141
560;2222
561;2304
562;2356
563;2408
564;2513
565;2618
566;2679
567;2741
568;2804
569;2867
570;2955
571;3042
572;3106
573;3170
574;3233
575;3295
576;3377
577;3458
578;3552
579;3645
580;3734
581;3824
582;3859
583;3894
584;3963
585;4033
586;4017
587;4000
588;4039
589;4078
590;4071
591;4064
592;4067
593;4071
594;4057
595;4042
596;3987
597;3931
598;3920
599;3909
600;3899
601;3889
602;3891
603;3894
604;3818
605;3742
606;3757
607;3773
608;3735
609;3697
610;3693
611;3688
612;3640
613;3592
614;3568
615;3545
616;3508
617;3471
618;3457
619;3442
620;3364
621;3286
622;3223
623;3161
624;3145
625;3129
626;3058
627;2987
628;2934
629;2881
630;2804
631;2728
632;2658
633;2589
634;2552
635;2515
636;2493
637;2472
638;2424
639;2377
640;2316
641;2256
642;2211
643;2166
644;2114
645;2062
646;2041
647;2021
648;1976
649;1931
650;1898
651;1866
652;1828
653;1790
654;1749
655;1708
656;1722
657;1737
658;1690
659;1644
660;1644
661;1645
662;1615
663;1585
664;1569
665;1552
666;1534
667;1517
668;1514
669;1512
670;1493
671;1474
672;1488
673;1502
674;1483
675;1464
676;1434
677;1404
678;1428
679;1453
680;1447
681;1441
682;1402
683;1364
684;1370
685;1376
686;1360
687;1345
688;1315
689;1285
690;1280
691;1275
692;1258
693;1241
694;1231
695;1222
696;1204
697;1186
698;1181
699;1176
700;1172
701;1168
702;1180
703;1193
704;1173
705;1154
706;1163
707;1173
708;1161
709;1150
710;1145
711;1141
712;1164
713;1188
714;1167
715;1147
716;1152
717;1156
718;1151
719;1145
720;1137
721;1130
722;1152
723;1175
724;1152
725;1130
726;1158
727;1187
728;1207
729;1227
730;1224
731;1222
732;1237
733;1253
734;1253
735;1253
736;1271
737;1288
738;1283
739;1278
740;1280
741;1283
742;1307
743;1331
744;1320
745;1310
746;1312
747;1314
748;1310
749;1306
750;1298
751;1291
752;1286
753;1282
754;1300
755;1319
756;1305
757;1292
758;1314
759;1336
760;1364
761;1392
762;1403
763;1415
764;1427
765;1440
766;1441
767;1443
768;1477
769;1512
770;1512
771;1511
772;1537
773;1563
774;1573
775;1584
776;1607
777;1631
778;1664
779;1697
780;1724
781;1751
782;1796
783;1841
784;1850
785;1859
786;1891
787;1924
788;1959
789;1994
790;2015
791;2036
792;2129
793;2223
794;2275
795;2327
796;2343
797;2360
798;2431
799;2502
800;2545
801;2589
802;2652
803;2716
804;2771
805;2826
806;2863
807;2901
808;2938
809;2975
810;3033
811;3091
812;3137
813;3183
814;3207
815;3232
816;3259
817;3287
818;3368
819;3449
820;3465
821;3481
822;3512
823;3542
824;3626
825;3710
826;3732
827;3754
828;3771
829;3789
830;3857
831;3926
832;3959
833;3993
834;3964
835;3935
836;3953
837;3972
838;4005
839;4038
840;4031
841;4025
842;4055
843;4086
844;4072
845;4058
846;4037
847;4016
848;3977
849;3938
850;3921
851;3904
852;3890
853;3877
854;3784
855;3691
856;3661
857;3631
858;3535
859;3440
860;3359
861;3279
862;3230
863;3181
864;3068
865;2955
866;2887
867;2820
868;2775
869;2730
870;2639
871;2548
872;2479
873;2410
874;2327
875;2243
876;2180
877;2116
878;2061
879;2005
880;1942
881;1879
882;1793
883;1707
884;1635
885;1562
886;1512
887;1463
888;1409
889;1356
890;1296
891;1235
892;1203
893;1170
894;1102
895;1034
896;1011
897;988
898;961
899;935
900;922
901;909
902;868
903;826
904;819
905;812
906;819
907;826
908;809
909;793
910;777
911;761
912;755
913;750
914;761
915;773
916;744
917;716
918;729
919;742
920;739
921;736
922;728
923;720
924;710
925;699
926;689
927;680
928;700
929;720
930;719
931;718
932;706
933;695
934;698
935;702
936;719
937;736
938;725
939;714
940;713
941;712
942;727
943;742
944;757
945;772
946;773
947;774
948;792
949;811
950;807
951;804
952;856
953;909
954;911
955;914
956;956
957;998
958;1029
959;1061
960;1111
961;1162
962;1202
963;1242
964;1336
965;1430
966;1513
967;1596
968;1705
969;1815
970;1959
971;2104
972;2246
973;2388
974;2561
975;2733
976;2849
977;2966
978;3137
979;3308
980;3375
981;3442
982;3583
983;3724
984;3824
985;3925
986;3993
987;4061
988;4059
989;4057
990;4053
991;4049
992;4020
993;3992
994;3922
995;3853
996;3756
997;3659
998;3571
999;3483
1000;3319
1001;3155
1002;2985
1003;2815
1004;2659
1005;2504
1006;2331
1007;2158
1008;2008
1009;1859
1010;1754
1011;1649
1012;1527
1013;1404
1014;1321
1015;1238
1016;1160
1017;1083
1018;1042
1019;1002
1020;936
1021;869
1022;854
1023;839
1024;821
1025;803
1026;786
1027;768
1028;754
1029;741
1030;722
1031;704
1032;705
1033;706
1034;699
1035;693
1036;684
1037;676
1038;674
1039;672
1040;683
1041;694
1042;691
1043;689
1044;698
1045;706
1046;708
1047;711
1048;720
1049;730
1050;724
1051;718
1052;757
1053;795
1054;807
1055;819
1056;852
1057;885
1058;929
1059;972
1060;1033
1061;1094
1062;1167
1063;1241
1064;1342
1065;1444
1066;1606
1067;1768
1068;1927
1069;2087
1070;2276
1071;2466
1072;2665
1073;2864
1074;3053
1075;3242
1076;3402
1077;3562
1078;3637
1079;3711
1080;3796
1081;3880
1082;3892
1083;3904
1084;3827
1085;3751
1086;3647
1087;3544
1088;3409
1089;3275
1090;3053
1091;2831
1092;2652
1093;2474
1094;2267
1095;2061
1096;1928
1097;1796
1098;1608
1099;1421
1100;1293
1101;1166
1102;1102
1103;1037
1104;956
1105;876
1106;842
1107;808
1108;783
1109;759
1110;754
1111;749
1112;739
1113;728
1114;730
1115;732
1116;703
1117;674
1118;687
1119;701
1120;696
1121;691
1122;688
1123;686
1124;686
1125;687
1126;699
1127;712
1128;730
1129;749
1130;767
1131;786
1132;819
1133;852
1134;889
1135;926
1136;973
1137;1020
1138;1097
1139;1175
1140;1287
1141;1400
1142;1577
1143;1755
1144;1975
1145;2195
1146;2429
1147;2662
1148;2865
1149;3067
1150;3259
1151;3450
1152;3559
1153;3668
1154;3741
1155;3814
1156;3826
1157;3837
1158;3719
1159;3602
1160;3427
1161;3253
1162;3024
1163;2796
1164;2579
1165;2362
1166;2144
1167;1927
1168;1728
1169;1529
1170;1369
1171;1209
1172;1110
1173;1012
1174;938
1175;864
1176;848
1177;833
1178;801
1179;769
1180;767
1181;765
1182;750
1183;735
1184;723
1185;710
1186;707
1187;703
1188;707
1189;711
1190;716
1191;721
1192;738
1193;755
1194;749
1195;743
1196;767
1197;791
1198;827
1199;864
1200;920
1201;977
1202;1068
1203;1159
1204;1238
1205;1318
1206;1504
1207;1689
1208;1924
1209;2159
1210;2407
1211;2654
1212;2885
1213;3116
1214;3312
1215;3508
1216;3587
1217;3667
1218;3681
1219;3695
1220;3612
1221;3529
1222;3356
1223;3183
1224;2940
1225;2697
1226;2440
1227;2184
1228;1940
1229;1697
1230;1515
1231;1333
1232;1175
1233;1018
1234;941
1235;865
1236;829
1237;794
1238;761
1239;729
1240;722
1241;715
1242;704
1243;693
1244;701
1245;709
1246;690
1247;670
1248;688
1249;705
1250;703
1251;701
1252;719
1253;738
1254;767
1255;797
1256;838
1257;879
1258;912
1259;946
1260;1046
1261;1147
1262;1315
1263;1483
1264;1678
1265;1874
1266;2194
1267;2514
1268;2734
1269;2955
1270;3125
1271;3296
1272;3402
1273;3509
1274;3533
1275;3557
1276;3426
1277;3295
1278;3046
1279;2796
1280;2541
1281;2286
1282;2049
1283;1811
1284;1575
1285;1338
1286;1189
1287;1040
1288;953
1289;866
1290;809
1291;752
1292;731
1293;710
1294;692
1295;673
1296;649
1297;624
1298;646
1299;667
1300;662
1301;657
1302;671
1303;685
1304;697
1305;709
1306;723
1307;736
1308;768
1309;800
1310;872
1311;943
1312;1046
1313;1150
1314;1340
1315;1531
1316;1784
1317;2037
1318;2324
1319;2611
1320;2858
1321;3105
1322;3305
1323;3505
1324;3494
1325;3484
1326;3401
1327;3319
1328;3073
1329;2828
1330;2535
1331;2242
1332;1983
1333;1725
1334;1469
1335;1213
1336;1071
1337;929
1338;852
1339;776
1340;739
1341;702
1342;689
1343;675
1344;666
1345;656
1346;648
1347;640
1348;640
1349;641
1350;654
1351;668
1352;691
1353;713
1354;731
1355;748
1356;792
1357;837
1358;910
1359;983
1360;1112
1361;1242
1362;1471
1363;1701
1364;1997
1365;2293
1366;2583
1367;2874
1368;2874
